t01/p11.ict
219, 1001
Martins, J. Vanderlei 
University of Maryland, Baltimore County
PI-Neph, Polarized Imaging Nephelometer, aerosol phase function (P11) measurements. The linear scattering coefficient measurements are in an other file.
DEVOTE
1,1
2011,09,19,2012,05,05
0
Start_UTC, seconds after midnight, time of acquisition
179
1,1,1,1,1,1,1,1,1,1,1,1,1,1,1,1,1,1,1,1,1,1,1,1,1,1,1,1,1,1,1,1,1,1,1,1,1,1,1,1,1,1,1,1,1,1,1,1,1,1,1,1,1,1,1,1,1,1,1,1,1,1,1,1,1,1,1,1,1,1,1,1,1,1,1,1,1,1,1,1,1,1,1,1,1,1,1,1,1,1,1,1,1,1,1,1,1,1,1,1,1,1,1,1,1,1,1,1,1,1,1,1,1,1,1,1,1,1,1,1,1,1,1,1,1,1,1,1,1,1,1,1,1,1,1,1,1,1,1,1,1,1,1,1,1,1,1,1,1,1,1,1,1,1,1,1,1,1,1,1,1,1,1,1,1,1,1,1,1,1,1,1,1,1,1,1,1,1,1
-9999,-9999,-9999,-9999,-9999,-9999,-9999,-9999,-9999,-9999,-9999,-9999,-9999,-9999,-9999,-9999,-9999,-9999,-9999,-9999,-9999,-9999,-9999,-9999,-9999,-9999,-9999,-9999,-9999,-9999,-9999,-9999,-9999,-9999,-9999,-9999,-9999,-9999,-9999,-9999,-9999,-9999,-9999,-9999,-9999,-9999,-9999,-9999,-9999,-9999,-9999,-9999,-9999,-9999,-9999,-9999,-9999,-9999,-9999,-9999,-9999,-9999,-9999,-9999,-9999,-9999,-9999,-9999,-9999,-9999,-9999,-9999,-9999,-9999,-9999,-9999,-9999,-9999,-9999,-9999,-9999,-9999,-9999,-9999,-9999,-9999,-9999,-9999,-9999,-9999,-9999,-9999,-9999,-9999,-9999,-9999,-9999,-9999,-9999,-9999,-9999,-9999,-9999,-9999,-9999,-9999,-9999,-9999,-9999,-9999,-9999,-9999,-9999,-9999,-9999,-9999,-9999,-9999,-9999,-9999,-9999,-9999,-9999,-9999,-9999,-9999,-9999,-9999,-9999,-9999,-9999,-9999,-9999,-9999,-9999,-9999,-9999,-9999,-9999,-9999,-9999,-9999,-9999,-9999,-9999,-9999,-9999,-9999,-9999,-9999,-9999,-9999,-9999,-9999,-9999,-9999,-9999,-9999,-9999,-9999,-9999,-9999,-9999,-9999,-9999,-9999,-9999,-9999,-9999,-9999,-9999,-9999,-9999,-9999,-9999,-9999,-9999,-9999,-9999
End_UTC, Seconds after midnight, ending time of acquisition
Mid_UTC, Seconds after midnight, middle time of acquisition
HH_UTC, Hours after midnight, the middle time of acquisition (Mid_UTC) formatted in the HH:MM:SS way
MM_UTC, Minutes after HH_UTC, the middle time of acquisition (Mid_UTC) formatted in the HH:MM:SS way
SS_UTC, Seconds after MM_UTC, the middle time of acquisition (Mid_UTC) formatted in the HH:MM:SS way
3 degrees,none,P11 or phase function
4 degrees,none,P11 or phase function
5 degrees,none,P11 or phase function
6 degrees,none,P11 or phase function
7 degrees,none,P11 or phase function
8 degrees,none,P11 or phase function
9 degrees,none,P11 or phase function
10 degrees,none,P11 or phase function
11 degrees,none,P11 or phase function
12 degrees,none,P11 or phase function
13 degrees,none,P11 or phase function
14 degrees,none,P11 or phase function
15 degrees,none,P11 or phase function
16 degrees,none,P11 or phase function
17 degrees,none,P11 or phase function
18 degrees,none,P11 or phase function
19 degrees,none,P11 or phase function
20 degrees,none,P11 or phase function
21 degrees,none,P11 or phase function
22 degrees,none,P11 or phase function
23 degrees,none,P11 or phase function
24 degrees,none,P11 or phase function
25 degrees,none,P11 or phase function
26 degrees,none,P11 or phase function
27 degrees,none,P11 or phase function
28 degrees,none,P11 or phase function
29 degrees,none,P11 or phase function
30 degrees,none,P11 or phase function
31 degrees,none,P11 or phase function
32 degrees,none,P11 or phase function
[...]
[from data line 116]
71028,71036,71032,19,43,52,7.0561,4.5629,5.5955,4.6628,6.5972,3.9273,7.8284,4.0345,3.5068,3.3389,3.23,3.829,4.0727,3.0489,4.1137,8.254,3.7327,3.8351,3.6505,2.9965,3.5245,3.2916,4.1405,3.8117,3.9684,4.6731,4.1912,4.3319,3.7886,3.0218,4.5506,4.0058,2.9799,2.762,1.5948,3.4727,4.058,4.4966,3.882,2.3329,2.8508,3.6022,3.1899,2.3755,2.9641,3.2849,3.0392,2.7644,3.8069,2.939,3.4215,3.1141,1.5583,2.1004,3.4778,2.4841,2.3231,2.2753,0.87543,2.4041,3.2354,2.4856,2.8445,1.9406,2.5104,1.784,2.2586,3.0936,1.5276,1.4139,2.7016,2.6072,1.8353,1.981,3.0675,3.6595,2.8487,1.1549,3.7105,3.4498,2.3204,1.3969,2.3627,3.4348,3.1435,1.6098,2.3038,2.3258,2.1344,2.3062,2.573,1.9581,1.9255,2.0617,2.4318,2.6647,2.9996,2.2613,2.7845,3.1399,2.0281,1.8621,2.8487,2.4026,3.1843,3.7212,1.7558,2.0726,2.6026,1.9939,0.88908,2.3427,1.6893,2.4668,1.4903,3.3714,2.5405,1.7776,2.7469,2.9943,2.6739,1.7898,1.3809,3.6762,3.1458,2.9381,2.342,0.85921,1.2976,1.6126,2.8543,1.7011,1.6039,1.2437,3.1341,3.1042,0.83646,2.2504,2.4378,1.2702,1.9796,1.4641,2.4765,1.9804,2.3672,1.8486,3.6215,2.7551,2.5925,2.3041,1.8604,2.9629,3.2924,2.354,2.3317,2.0694,2.5991,1.4361,2.6095,2.1502,3.5151,1.8787,1.6331,2.9512,1.2353,1.4306,2.2491,2.7496,4.0912,3.6488,3.0724,4.0764,2.6842,3.9242
71065,71073,71069,19,44,29,5.4373,3.1774,4.1585,3.9414,4.3204,3.2353,3.2611,2.7756,3.8929,4.0798,2.1149,3.2197,12.018,4.7089,3.3833,4.6633,4.5613,5.8869,4.0653,3.5175,5.1671,4.8339,3.4191,4.9233,4.4803,3.8943,3.5987,3.1875,3.4554,1.7445,2.7865,3.3561,1.8929,2.977,2.1389,2.8749,3.4601,3.0229,2.8797,2.9025,3.5459,3.5867,3.638,1.9444,1.3833,3.3636,2.2028,2.716,3.2187,2.5043,1.7949,4.0993,1.3739,4.4423,2.9032,2.4617,1.569,2.4898,2.4886,2.3038,2.4941,2.6499,3.1786,1.534,2.3965,2.2605,2.3342,3.8184,1.6642,2.5505,3.6694,1.9683,2.83,2.5306,2.4079,2.1012,1.5539,1.9141,3.1913,3.1083,2.0167,2.7715,2.4215,2.139,2.6915,2.4945,2.3473,1.6267,1.6607,3.1966,2.5454,2.3836,3.1805,1.7291,3.156,2.5342,3.22,3.1388,2.2068,3.1739,2.618,1.9701,2.3075,2.364,3.0618,1.5739,2.0727,2.3973,1.2693,2.7697,2.1895,2.2561,1.5375,0.87824,2.6326,2.9433,2.4181,1.6405,2.8731,3.0697,1.4818,1.4995,1.3554,1.4027,0.89422,2.5894,1.0839,1.9032,3.1919,2.8964,4.0639,2.8826,2.5438,1.9873,0.68461,1.7663,3.4086,2.3452,1.321,2.0873,3.9839,2.0253,0.58809,1.2891,1.7612,4.6409,3.1852,1.2502,3.2133,2.5287,2.7738,2.6087,1.8943,3.3305,2.8516,2.3051,2.5724,2.6871,1.5517,2.1548,1.6168,2.24,2.1092,1.9527,1.3338,2.157,3.4395,3.3799,2.9882,3.6678,3.3728,3.2702,3.8506,3.4149
71103,71111,71107,19,45,7,4.9788,3.02,4.2223,13.942,4.5439,2.9636,4.5187,4.1074,4.3103,3.5977,2.1822,3.3421,4.1306,3.0394,3.1177,3.6324,4.155,3.1111,3.9227,2.5639,3.0045,2.741,2.9256,3.0174,3.3802,2.1601,3.3001,3.8464,3.1976,3.1203,2.3046,3.6587,3.5911,4.0688,4.5964,3.8085,3.7029,2.7636,3.1441,3.0876,3.3766,3.1446,3.2541,3.519,3.4438,2.2229,2.7132,2.9316,4.1016,3.0982,3.7356,2.0401,3.05,4.3665,3.3,3.0839,2.9264,2.9987,2.4503,2.4122,3.2348,3.1283,3.2815,2.5765,2.2484,2.1286,3.6511,3.0159,3.2116,2.9231,2.9914,2.6873,1.2122,1.8209,2.5551,2.0733,2.2454,2.4888,1.4987,0.3688,2.6135,3.5379,2.4287,2.8993,1.0861,1.9892,3.0299,2.1132,2.3223,2.4122,2.3801,3.0283,3.6983,1.8321,2.8853,2.1267,1.4362,1.6249,2.5652,3.1606,2.4043,1.5253,2.2447,2.1143,1.611,2.2533,2.065,2.6982,1.8573,2.2701,2.6136,1.6811,1.216,2.9384,3.9903,2.4411,1.4739,2.6204,1.3501,2.4921,1.7561,1.285,3.0719,2.4895,2.1296,1.5375,3.1769,2.3788,2.0805,1.6995,3.0141,3.0694,3.1033,3.087,2.4661,2.9352,2.9547,2.1825,2.7844,2.8016,3.4952,2.5749,3.8172,1.2446,2.5158,2.3342,3.1905,3.1531,2.1185,3.3052,2.861,3.3276,3.9131,2.1892,2.0152,2.282,2.1488,2.3717,2.1306,2.4052,2.6207,1.7455,1.6543,2.5769,2.7975,2.9179,3.5452,3.9167,2.251,2.675,2.5775,3.4216,2.6217,4.5638
71141,71149,71145,19,45,45,8.413,3.6537,5.6462,6.5652,5.4365,4.1731,4.2642,3.9655,3.6135,2.7213,4.0938,3.5009,3.659,5.2517,3.3887,3.2299,4.32,3.0586,3.6784,4.0507,3.9357,3.4302,3.9729,4.9271,3.7421,2.9662,3.251,2.9021,2.7962,2.3327,3.2942,4.4234,3.0309,3.9744,1.8598,4.4485,3.0875,3.8464,4.6644,4.311,4.55,3.703,3.0438,2.6222,2.5896,3.4771,2.8458,4.3508,3.5701,4.5391,2.3108,1.9794,2.7007,1.6377,2.2401,2.3433,2.0239,2.8846,3.3939,2.997,3.6017,3.0787,3.0258,0.99274,2.472,3.6263,1.5591,2.6069,3.5926,2.3663,2.6793,1.611,2.2521,2.6725,2.1063,2.013,2.8117,1.2747,2.9003,1.4524,2.6621,2.4038,2.235,2.9745,2.4156,1.8904,2.0924,2.246,1.746,2.8551,2.0539,3.1333,1.9933,2.7641,1.7126,1.7154,3.1413,2.9973,2.8952,2.1841,2.6039,2.3169,3.2675,1.356,1.9389,2.3807,2.4882,2.2496,3.4853,2.3209,2.3862,1.9935,1.7061,4.4105,5.0359,2.2721,2.4693,2.6902,2.1669,2.4191,1.7522,1.6507,1.815,2.2906,2.2635,4.0853,2.4101,2.3235,4.7168,2.5838,3.2968,4.4466,2.5906,1.5551,3.8491,3.3672,1.9726,1.6931,2.3451,2.0258,2.8365,3.5964,3.0153,0.8507,2.0358,1.0181,1.831,3.439,1.4649,2.4886,2.6504,1.8122,2.4356,4.5226,1.0766,2.5176,2.6183,1.7255,3.6738,3.5013,2.815,2.7557,2.4819,3.7762,1.2736,1.9405,3.0997,2.4365,4.0312,2.421,2.27,4.1339,3.4874,4.2064
71179,71187,71183,19,46,23,4.9658,6.9487,3.9429,7.3686,5.428,5.9876,4.3797,2.5229,4.7687,4.4539,3.9655,5.2618,7.3562,6.7035,8.4371,6.9877,4.8328,4.3975,3.1195,3.5249,2.7781,2.9437,4.0504,3.4922,3.3981,3.4654,3.2991,3.3925,4.2024,4.6731,3.027,4.1863,3.5325,1.8559,3.5045,4.0124,4.303,3.4906,4.1075,3.344,3.0773,3.8477,4.1951,2.7074,2.6993,2.9513,2.7429,3.8133,3.9241,3.4445,3.3746,3.6137,3.2438,3.3337,2.9203,3.185,2.4959,2.7083,2.9869,3.6434,3.0793,3.3945,3.0213,2.3023,2.4792,3.8587,2.4358,2.5013,3.6786,2.4406,1.687,2.8976,2.0974,2.3021,2.671,2.6101,1.1356,2.0227,2.0354,2.5284,1.4003,2.9112,1.5906,1.7298,2.1494,1.8216,2.2584,1.6381,1.5535,2.9182,3.1672,0.8527,1.9474,2.1809,2.0612,3.0508,1.8935,3.2399,2.209,2.3124,1.9471,1.7785,1.6668,2.2988,3.2411,1.2282,1.6591,2.3322,1.6476,2.103,2.1301,2.935,2.0982,2.7599,2.7407,3.617,2.3035,2.4984,1.8919,2.7062,1.4868,2.3266,2.6554,2.3756,2.0427,1.8394,1.4012,2.8474,2.5105,2.9989,1.4403,2.6624,1.8328,1.5012,2.5816,2.9698,3.1873,2.6339,3.1074,2.5078,3.4148,3.0736,2.5752,1.8764,1.7019,0.90368,2.4748,2.4442,3.3745,1.2621,3.2945,2.0258,1.7844,3.9674,3.1436,2.329,2.4546,2.2428,2.171,3.3342,2.4597,2.4572,2.4657,3.9576,1.8442,2.3115,1.237,3.4214,3.5338,3.2575,2.6256,3.8576,2.8835,4.1917
71216,71224,71220,19,47,0,9.464,4.2904,5.0347,4.529,5.0805,3.7528,4.3378,3.8904,7.1292,4.6304,4.5699,6.2856,2.709,2.7282,3.3985,4.2248,5.9152,4.4714,3.4249,3.548,4.0171,3.2277,4.2652,3.2578,3.2077,4.0537,3.786,3.5906,4.0721,4.0071,2.0977,3.433,2.6196,4.1568,3.5157,4.9842,4.263,4.3612,6.4639,4.537,4.9414,3.1384,3.5879,3.41,3.4046,1.4876,3.1008,4.215,2.4344,1.9259,2.0993,3.1114,4.0745,1.8052,3.0788,2.5893,2.6915,3.8263,3.4609,3.4104,3.4729,3.01,3.2493,2.7336,3.5037,2.091,3.4733,2.8302,4.3354,3.4408,2.3578,2.8803,2.7494,1.2396,1.9457,2.2959,3.049,2.4657,1.5334,1.2024,1.7829,1.3112,1.5518,1.865,2.0965,1.7517,1.5578,2.7182,2.0656,1.6925,3.6738,2.8176,2.334,1.6737,1.7537,2.1182,2.3694,1.0459,1.3516,3.2309,1.9074,2.9006,2.3435,2.2689,1.9249,3.4296,1.952,2.9392,0.42444,1.7666,1.2676,2.7328,1.6535,2.7463,2.6133,3.2437,1.8297,2.6875,1.7466,1.9558,2.4253,3.2623,2.3589,2.12,2.0074,3.7387,2.7602,2.8038,2.745,3.197,1.7716,1.9548,1.3791,3.7604,2.2682,2.2072,2.1735,1.8589,4.3329,1.5202,2.0323,2.3916,1.826,2.804,2.5804,1.7171,3.3256,2.2853,3.2548,3.2623,2.7973,2.2548,3.1385,2.44,3.3997,3.7532,2.9656,2.4144,2.9537,3.3902,2.3239,2.3335,3.003,1.5337,1.063,1.6749,2.6236,3.4277,2.9302,3.6922,2.7962,3.1497,2.1451,3.6553
71254,71262,71258,19,47,38,7.2261,4.4227,4.1774,9.0591,13.555,5.0957,8.3787,9.3265,6.3835,8.331,5.9604,4.0287,4.0549,3.1453,3.8949,3.7439,2.7832,3.0538,4.2213,7.8591,7.7651,4.9201,3.4542,3.2343,4.4021,3.9499,3.5183,3.4757,3.5637,2.6202,4.4595,6.2308,5.3235,6.296,5.253,5.1834,5.3009,4.5654,4.1876,4.2166,2.5575,3.0047,4.4501,2.6271,2.0164,2.3985,3.1588,2.8285,2.8187,3.216,3.8258,1.3799,3.8456,2.6749,3.4454,4.4443,2.5852,3.7153,1.9467,3.1563,1.9693,2.8485,1.6745,1.587,2.3123,2.1365,2.9333,2.3802,2.3223,2.4716,2.542,2.5578,1.7393,1.6433,2.3608,1.4507,2.7963,2.9379,1.64,3.0388,1.9825,2.1248,2.6809,2.3936,2.4059,2.3147,3.1625,2.2532,2.6855,2.0852,1.951,3.292,2.578,3.2546,2.3672,2.101,2.8071,2.6369,2.3536,2.4378,2.9127,2.9514,2.4524,2.1478,2.2622,1.513,2.3841,2.9971,2.5861,2.1737,2.2089,1.4814,3.378,2.1915,3.3755,3.0968,2.1307,4.4793,1.9319,2.2339,2.4783,1.7062,1.3073,2.5402,2.7355,1.867,2.0156,3.6552,2.1803,3.4928,3.1792,1.6465,1.4926,1.9322,2.6294,2.9272,2.9803,2.1158,2.0062,1.3667,3.0198,3.0211,2.8267,2.0826,1.5461,2.496,2.9069,5.0868,2.745,1.6379,3.4662,4.3903,2.9727,2.995,3.2299,3.1787,1.0394,2.0823,3.0553,1.1464,2.5399,2.6073,2.2866,2.443,1.6424,1.7663,1.9015,2.6707,3.4881,3.2189,3.3043,3.808,2.708,3.9514
71292,71300,71296,19,48,16,7.5831,4.8058,7.6317,5.5149,7.3115,3.6388,4.1271,4.4596,4.0535,2.1968,6.4392,5.371,9.4085,11.136,5.1231,3.9372,3.4346,3.9737,3.6948,4.5799,3.2785,3.8606,3.759,3.8488,2.6147,3.4356,3.9662,4.5858,6.0213,4.6914,4.8121,4.4384,3.741,4.5155,3.3547,4.2161,3.8568,3.4398,2.8401,4.8099,3.1241,3.6992,3.2815,2.8412,3.0157,2.7094,2.7322,2.0212,3.2229,3.3246,2.2188,2.2151,2.0268,3.309,2.0066,2.901,2.1144,2.7474,2.6818,2.2812,2.0744,2.7964,4.1851,1.806,2.9281,3.6285,3.1229,2.5585,3.4151,2.5798,2.2923,1.9621,2.5067,2.8638,2.1528,2.4993,2.0275,2.3806,1.8546,3.6164,1.7359,1.1164,2.84,1.4973,1.8677,3.1425,2.5076,2.5949,2.3244,2.4392,1.7747,1.8521,2.2889,1.9273,3.0899,1.7893,2.7241,2.526,2.9864,2.1984,2.2382,1.5944,1.7055,3.0923,2.3613,3.1909,1.0313,2.2856,2.6452,2.9887,3.2142,1.8229,3.8853,3.6953,2.2407,2.9318,1.8669,2.7896,3.134,1.4091,3.0873,2.7702,1.7947,2.9224,3.8303,2.4082,4.0978,0.39884,2.2962,2.3994,3.7485,2.4229,1.2537,1.7854,1.381,3.6753,2.2746,2.5325,2.1297,1.5915,3.831,1.7166,2.457,2.1991,0.66905,2.9134,2.9369,1.4548,1.718,1.8209,2.4064,3.3637,1.5813,3.1984,2.1253,2.7165,2.4413,2.436,4.261,2.2224,2.6914,3.0798,2.101,2.488,1.7507,2.1422,2.1845,2.7563,1.5968,2.6797,3.7814,2.6745,3.0667,3.7735
71329,71337,71333,19,48,53,7.3897,5.4641,4.697,5.3332,5.7686,3.8885,4.4868,3.9339,4.1075,3.3268,3.2179,4.4445,4.2236,5.6373,5.2054,5.392,4.9235,4.4056,4.8346,5.0208,5.6175,6.1485,3.3323,3.486,4.7816,5.574,5.5765,6.5559,7.2018,3.6252,3.558,4.3115,3.3985,2.7457,4.0569,3.6541,4.6411,3.3364,2.6852,2.2123,2.7493,2.7999,2.8161,3.2343,2.5108,2.943,2.6453,3.3189,1.791,2.7076,2.7349,3.0999,2.3734,3.5242,1.8135,4.0546,3.7205,3.0503,3.628,2.5254,2.7661,3.4451,2.499,3.3345,1.1796,1.9576,3.4818,2.2191,2.0814,2.5673,1.9984,3.5931,2.2967,3.432,2.2233,2.3361,3.1034,1.3803,3.1328,2.7502,2.2953,2.926,4.503,1.977,3.211,2.9144,2.5886,3.0451,3.7027,2.7974,2.2148,2.0864,1.05,2.125,3.0144,2.6241,1.8752,2.6819,1.4565,3.2177,1.9826,3.0442,3.6182,2.7764,1.5546,2.6936,1.9527,2.6021,3.1626,2.234,3.2501,3.0037,1.91,1.665,1.8864,1.9434,2.7163,1.7385,2.4296,1.4963,1.6067,3.3023,2.2044,2.2797,0.34393,1.4767,3.8937,1.3378,2.8024,4.0476,2.6917,2.3703,2.6762,3.4779,2.4865,2.1814,4.0615,2.9118,2.0391,2.3466,4.1713,2.1037,2.1144,3.4376,3.0155,1.8222,2.0408,0.64576,3.3849,1.9846,2.9511,2.6953,3.1422,3.6133,3.4431,2.6119,2.5326,1.6888,3.7437,3.5109,2.7258,2.7853,2.3025,2.9982,0.97683,2.5838,2.4674,2.6774,4.0468,3.9644,2.7241,2.9578,3.1945,4.5916
71367,71375,71371,19,49,31,11.766,5.2391,12.766,5.2844,14.021,9.1227,7.2152,8.8714,6.7624,4.312,3.5675,5.3268,5.5968,3.9549,4.5948,5.1107,6.5941,5.2218,6.4231,5.0174,4.8775,3.79,3.6306,2.2069,4.3987,4.4239,3.0202,4.3223,3.2884,3.1121,3.7314,4.018,3.4922,3.9615,4.2661,3.4103,4.7535,3.3084,3.8436,3.9419,4.4375,4.1611,3.4527,3.8213,2.4687,2.8731,4.2515,3.2399,4.0356,3.8011,3.68,3.2984,3.2533,2.4374,3.7697,3.7276,3.6249,2.8687,3.4272,3.3452,1.5485,2.842,2.827,2.5175,2.2467,2.9234,1.9138,3.0479,2.5306,2.0269,2.6746,2.7528,2.1783,2.3018,2.8641,2.7589,2.077,1.4913,2.7749,2.1112,1.8553,1.3612,3.6374,2.5518,2.5448,2.2642,1.892,1.6744,2.4392,1.786,1.5083,2.2814,1.9485,2.628,2.9793,2.5745,2.3262,3.5721,1.8094,2.0515,3.4611,1.5346,2.9209,2.4379,1.6376,1.958,1.498,2.6957,2.4982,2.8146,1.8315,1.992,4.0952,2.9787,2.3574,3.5533,2.5661,2.6866,3.2803,3.6839,2.9345,1.864,3.2055,2.6169,1.9905,2.5584,2.0082,4.0554,3.8033,2.3917,2.5802,3.0734,2.2481,2.9637,4.1759,3.2015,1.1742,2.0843,2.6798,3.4056,1.744,2.5367,1.7684,2.5169,2.067,2.3059,2.8226,2.5683,1.4634,4.3864,1.79,3.1366,2.6943,2.7766,2.7654,2.0758,2.5212,1.8938,2.2654,2.0774,2.9098,2.9572,2.1953,2.9744,0.93568,2.2486,2.3549,2.4848,2.633,3.3714,4.0497,3.7999,3.3316,4.4395
71405,71413,71409,19,50,9,7.3014,6.7913,8.8684,8.7206,7.9513,6.1713,23.394,8.985,5.3811,5.6275,4.9883,6.674,5.3357,8.0518,4.9677,4.0309,5.7999,5.1318,6.1592,6.5196,5.2454,5.2204,4.2826,2.666,4.5338,2.503,4.4217,4.6937,2.984,4.6911,4.4349,4.4082,3.9289,3.2097,4.0194,3.255,4.2631,3.4157,3.0137,4.1832,2.1446,4.1135,3.6668,3.3983,2.5933,2.6889,3.2326,3.1147,1.9711,2.5648,3.3554,3.576,2.8063,1.7561,2.5882,2.8793,3.7427,3.6378,2.4345,3.3492,3.0928,1.9667,2.7522,1.9619,2.7635,2.7375,3.3963,2.8791,2.6166,2.8971,2.5967,2.4841,1.8467,2.3248,2.9499,2.5952,2.5387,2.0907,2.3854,2.954,2.5431,2.7818,2.5298,2.6097,2.7271,2.9615,2.1891,3.8776,1.7482,3.9307,2.8699,2.5518,2.3,3.5462,1.5819,2.6587,2.5242,2.094,2.8337,1.5674,2.6385,2.0505,2.3357,2.1956,2.7256,2.2125,1.846,2.6447,1.8254,2.3676,2.9213,2.4436,2.0281,1.3442,2.5435,1.8263,2.1741,1.6759,2.8485,4.5924,3.5561,1.5761,2.3425,3.1426,1.9608,3.7489,0.75354,2.5204,2.2175,2.7581,2.4657,2.5646,2.3162,1.9981,3.0818,2.0224,2.2985,3.095,2.3436,1.6194,2.5867,1.7207,2.6408,1.4917,3.2421,3.3168,2.2109,2.1079,3.3363,1.9445,2.5553,3.291,3.0593,2.4137,2.2822,1.0695,3.157,1.2408,2.0703,2.1186,2.2643,2.5943,1.9745,2.3735,2.5392,2.9524,2.1506,2.6919,2.8802,3.4385,4.2884,4.6842,3.207,4.6
71442,71450,71446,19,50,46,12.391,6.1431,6.265,12.744,14.152,12.773,4.682,14.131,7.6769,5.2856,6.577,6.2613,4.7555,5.1314,6.8337,9.2285,10.111,7.3399,6.1103,3.7985,5.5127,6.4347,5.3447,3.9651,3.6736,4.2955,4.1726,3.6793,5.2749,3.9795,3.7632,4.2993,3.3283,3.8169,4.6864,4.1125,2.8683,3.1579,3.8366,2.4514,3.7392,2.6361,3.185,2.6146,2.6286,3.4734,3.7672,2.5331,2.6438,2.2964,3.096,3.1635,3.6524,1.8408,4.0608,2.4044,2.2498,3.192,3.0631,3.5197,1.7884,2.7162,2.1837,2.4977,3.0025,2.2742,1.4372,2.6716,1.681,2.3418,1.0273,3.0956,1.6922,2.8159,2.1149,2.6251,2.9956,2.5677,1.9373,2.8016,1.4896,1.9315,1.5341,0.84512,2.8907,2.1182,2.1359,2.7614,1.9276,2.7769,1.8858,2.3206,2.7239,2.1391,2.3327,3.015,2.3103,2.2589,2.9287,2.6122,2.7963,2.414,1.1425,2.4043,1.5983,2.6701,1.7046,2.3317,3.3883,1.1926,1.6117,1.9344,2.2822,2.5071,2.2573,3.6194,1.7989,1.6135,2.2301,2.5479,2.7939,4.4627,3.4368,2.6528,2.0824,2.1469,1.9594,2.1423,1.7036,3.1166,3.2354,2.5954,2.251,1.6441,2.6876,2.9691,2.5183,2.6401,2.0488,1.969,1.5276,2.1709,3.8097,2.774,1.896,1.2781,1.7912,1.861,2.4948,2.8354,2.5504,2.4036,1.8874,4.0971,3.2086,2.691,2.47,2.195,2.4597,3.4169,2.4256,1.7519,2.4398,2.9646,2.1405,2.1882,2.0972,2.1374,2.7768,3.5499,2.7252,4.1024,2.6757,4.601
