t01/p11.ict
219, 1001
Martins, J. Vanderlei 
University of Maryland, Baltimore County
PI-Neph, Polarized Imaging Nephelometer, aerosol phase function (P11) measurements. The linear scattering coefficient measurements are in an other file.
DEVOTE
1,1
2011,09,19,2012,05,05
0
Start_UTC, seconds after midnight, time of acquisition
179
1,1,1,1,1,1,1,1,1,1,1,1,1,1,1,1,1,1,1,1,1,1,1,1,1,1,1,1,1,1,1,1,1,1,1,1,1,1,1,1,1,1,1,1,1,1,1,1,1,1,1,1,1,1,1,1,1,1,1,1,1,1,1,1,1,1,1,1,1,1,1,1,1,1,1,1,1,1,1,1,1,1,1,1,1,1,1,1,1,1,1,1,1,1,1,1,1,1,1,1,1,1,1,1,1,1,1,1,1,1,1,1,1,1,1,1,1,1,1,1,1,1,1,1,1,1,1,1,1,1,1,1,1,1,1,1,1,1,1,1,1,1,1,1,1,1,1,1,1,1,1,1,1,1,1,1,1,1,1,1,1,1,1,1,1,1,1,1,1,1,1,1,1,1,1,1,1,1,1
-9999,-9999,-9999,-9999,-9999,-9999,-9999,-9999,-9999,-9999,-9999,-9999,-9999,-9999,-9999,-9999,-9999,-9999,-9999,-9999,-9999,-9999,-9999,-9999,-9999,-9999,-9999,-9999,-9999,-9999,-9999,-9999,-9999,-9999,-9999,-9999,-9999,-9999,-9999,-9999,-9999,-9999,-9999,-9999,-9999,-9999,-9999,-9999,-9999,-9999,-9999,-9999,-9999,-9999,-9999,-9999,-9999,-9999,-9999,-9999,-9999,-9999,-9999,-9999,-9999,-9999,-9999,-9999,-9999,-9999,-9999,-9999,-9999,-9999,-9999,-9999,-9999,-9999,-9999,-9999,-9999,-9999,-9999,-9999,-9999,-9999,-9999,-9999,-9999,-9999,-9999,-9999,-9999,-9999,-9999,-9999,-9999,-9999,-9999,-9999,-9999,-9999,-9999,-9999,-9999,-9999,-9999,-9999,-9999,-9999,-9999,-9999,-9999,-9999,-9999,-9999,-9999,-9999,-9999,-9999,-9999,-9999,-9999,-9999,-9999,-9999,-9999,-9999,-9999,-9999,-9999,-9999,-9999,-9999,-9999,-9999,-9999,-9999,-9999,-9999,-9999,-9999,-9999,-9999,-9999,-9999,-9999,-9999,-9999,-9999,-9999,-9999,-9999,-9999,-9999,-9999,-9999,-9999,-9999,-9999,-9999,-9999,-9999,-9999,-9999,-9999,-9999,-9999,-9999,-9999,-9999,-9999,-9999,-9999,-9999,-9999,-9999,-9999,-9999
End_UTC, Seconds after midnight, ending time of acquisition
Mid_UTC, Seconds after midnight, middle time of acquisition
HH_UTC, Hours after midnight, the middle time of acquisition (Mid_UTC) formatted in the HH:MM:SS way
MM_UTC, Minutes after HH_UTC, the middle time of acquisition (Mid_UTC) formatted in the HH:MM:SS way
SS_UTC, Seconds after MM_UTC, the middle time of acquisition (Mid_UTC) formatted in the HH:MM:SS way
3 degrees,none,P11 or phase function
4 degrees,none,P11 or phase function
5 degrees,none,P11 or phase function
6 degrees,none,P11 or phase function
7 degrees,none,P11 or phase function
8 degrees,none,P11 or phase function
9 degrees,none,P11 or phase function
10 degrees,none,P11 or phase function
11 degrees,none,P11 or phase function
12 degrees,none,P11 or phase function
13 degrees,none,P11 or phase function
14 degrees,none,P11 or phase function
15 degrees,none,P11 or phase function
16 degrees,none,P11 or phase function
17 degrees,none,P11 or phase function
18 degrees,none,P11 or phase function
19 degrees,none,P11 or phase function
20 degrees,none,P11 or phase function
21 degrees,none,P11 or phase function
22 degrees,none,P11 or phase function
23 degrees,none,P11 or phase function
24 degrees,none,P11 or phase function
25 degrees,none,P11 or phase function
26 degrees,none,P11 or phase function
27 degrees,none,P11 or phase function
28 degrees,none,P11 or phase function
29 degrees,none,P11 or phase function
30 degrees,none,P11 or phase function
31 degrees,none,P11 or phase function
32 degrees,none,P11 or phase function
[...]
66663,66671,66667,18,31,7,-1.6286,-0.96488,-0.92988,0.19657,0.30816,-0.74752,-0.33805,-0.075938,-0.086601,-0.80504,0.59943,0.40098,0.17789,0.2124,0.15651,-0.29537,0.31247,0.4574,0.59541,1.1507,6.922,0.49029,-0.57416,-0.60897,0.40228,-0.71979,0.24691,0.014963,-0.24009,-0.20244,0.42193,0.10446,-0.44439,0.072068,0.83339,1.153,0.40786,0.93297,0.12827,0.97004,-0.64638,-0.1299,1.8369,1.3398,1.6398,0.24166,0.5473,0.31455,1.3489,0.0037754,2.197,-0.09643,0.31124,0.73347,-0.83404,0.03268,-0.88357,0.39721,1.9378,0.17047,-0.01827,-0.19392,0.66017,-0.1959,0.88607,-0.61255,0.24,0.82053,0.43267,0.89915,0.49355,1.105,0.51274,1.4117,1.0349,0.85588,-0.077416,0.075142,0.87857,1.1597,0.5077,0.68321,0.13789,0.53747,0.34453,0.30741,0.79255,0.53507,0.36171,0.39503,1.2564,0.55036,0.96409,2.036,0.70729,0.38941,0.71168,0.47417,0.92094,0.55307,0.97515,0.92459,1.1967,0.20931,-0.040806,0.6384,0.71726,1.2873,-0.26097,0.91806,-0.24964,0.11725,1.3961,1.8816,0.58838,-0.33898,-0.38486,0.52906,1.0483,-0.004353,0.072887,1.5483,-0.033686,1.2518,0.95771,0.58756,-0.13485,-0.23824,1.0805,0.63164,-0.25916,1.4582,-0.18135,0.70894,0.2698,0.30777,-0.96632,1.1464,0.75137,0.67944,1.0903,-0.87898,-0.14651,-0.42211,0.60573,-0.62713,0.45383,-0.1781,0.16278,-0.57419,0.27027,0.26858,1.4157,0.20832,0.86014,0.31836,1.4292,0.49418,0.24335,0.86617,0.63656,0.020755,0.35336,0.54688,0.43843,0.37064,0.25535,0.25133,0.59053,0.54909,-0.82813,-0.20192,-0.010765,-0.015518
66701,66709,66705,18,31,45,1.3621,-0.83754,0.2311,66.568,0.74911,1.445,2.4799,0.4333,-0.025046,0.26506,-0.22536,0.5215,0.71542,35.219,0.84797,-0.119,0.72927,0.96131,1.1165,3.9141,8.6463,7.5238,3.8511,0.456,-0.078446,0.91484,-0.039765,0.65408,-0.94589,-0.36266,0.038155,0.39493,0.29555,0.61287,0.18637,0.3193,0.92871,-0.43341,1.8272,-0.18891,0.22137,1.3887,0.42695,0.34752,-0.24588,0.87833,0.40816,0.28214,0.75961,-0.62575,-0.52819,0.21225,0.91423,0.064956,0.51925,0.22695,0.84247,0.87438,1.0852,0.19799,1.3869,-0.37605,0.21842,0.71968,1.4128,1.0833,1.3331,0.6699,0.93917,0.55885,0.8348,1.1999,-0.16313,0.2287,-0.18146,1.2447,1.2413,0.19725,0.23819,0.85227,0.09445,-0.0076499,0.57182,0.39855,1.7443,0.029751,0.0096994,0.96536,0.82131,-0.29798,0.51676,0.43658,1.1757,0.3206,0.75597,0.27052,0.89594,0.45267,0.93361,1.0812,0.82246,0.41694,0.42004,1.3583,0.32594,1.1313,0.93643,0.87961,1.1933,0.82766,1.3661,0.81438,1.3298,-0.34142,0.45854,1.9244,0.91264,0.017389,0.77832,1.3597,1.4025,1.5436,0.81627,1.1296,0.61492,-0.21771,0.48604,-1.0492,1.3896,0.13713,-0.53594,0.18124,1.1138,-0.46887,-0.73634,0.27215,-0.58064,0.77965,-0.54938,1.2693,0.33891,0.59869,0.61466,0.5376,-0.197,0.18633,0.4909,-0.034434,1.0197,-0.41959,0.79253,0.78717,0.69012,0.83243,0.43804,0.34282,1.079,-0.57927,1.5726,0.95604,0.1269,0.44587,-0.54275,0.45974,0.17689,-0.26887,-1.064,-0.10609,0.71404,0.49642,0.067476,0.21027,-0.50513,0.89286
66739,66747,66743,18,32,23,0.20374,-0.84253,-0.36692,1.9922,1.1977,6.8921,-0.4053,-0.011555,0.23848,-0.52068,2.1055,1.785,0.79655,6.3378,0.15613,0.15591,-0.14089,-0.068782,1.3817,0.24502,-0.039568,0.98886,0.71057,2.5747,0.8715,0.861,0.15125,0.58318,0.80117,0.29908,-0.50697,-0.45877,0.39659,-0.13631,0.82537,0.94908,1.1302,0.83494,0.79791,0.096452,0.71868,0.064991,-0.068278,-0.077964,0.15739,0.51879,0.46061,0.15608,-0.32022,0.083664,-0.659,0.017316,0.99648,1.174,1.4219,0.011835,0.14557,1.1818,0.073556,1.0364,0.32285,0.62856,0.66902,0.78945,1.4259,1.1742,1.2101,1.2653,0.76745,-0.42757,0.16046,0.27664,1.0749,0.8009,1.5948,1.3986,0.57901,0.61952,0.37496,1.2979,0.71898,1.848,1.0189,0.78794,0.3201,0.42208,1.3711,0.67116,0.6174,0.92364,1.0753,0.39108,0.52866,0.94959,0.99374,-0.56952,0.092318,0.78238,0.72321,0.74702,0.9994,1.0287,1.3337,0.10462,0.37896,-0.14773,1.0657,0.69301,-1.2739,0.99303,1.0588,1.2245,0.9056,1.2463,0.59874,2.0064,0.83376,0.40467,1.5306,0.93928,0.60154,0.26507,1.3936,-0.20764,0.15886,0.50256,0.75126,0.07681,0.80543,0.32248,0.63227,1.1706,-0.10749,-0.43383,-0.73935,-0.373,0.32495,0.33464,0.26029,1.281,-0.43671,0.60157,-0.19839,1.3866,0.9378,0.26942,0.46114,-0.82863,1.0442,-1.0466,1.3205,0.22442,-0.091997,0.36745,0.32376,0.85702,0.036062,1.5022,0.89875,0.69694,1.4041,-0.83373,0.53696,0.61197,-0.20662,-0.33127,0.66085,1.0909,-0.085852,0.5496,0.28118,0.1735,-0.23387,-0.30467
66776,66784,66780,18,33,0,-0.082437,1.0853,39.717,2.8169,0.21232,-0.18151,-0.14624,-0.49226,0.2897,-0.83527,1.2565,-0.50606,-0.71899,0.16788,-0.34194,0.14453,2.1692,0.13415,0.10682,-0.47796,4.387,0.45712,0.55474,0.84683,0.37888,0.0053685,-0.030694,0.33273,0.21354,0.28651,-0.22907,0.2975,0.55858,-0.02322,0.087202,-0.16966,0.75343,-0.46853,0.36887,1.4512,-1.0213,0.71495,-0.52246,0.75733,1.0698,-0.28909,0.12119,0.47283,0.95814,-0.07288,0.52266,0.20787,-0.47534,0.33049,-0.45722,0.179,0.9436,0.99048,-0.057873,1.0234,1.4233,0.71291,0.64721,-0.22632,1.171,0.55526,0.75863,0.21801,1.6033,0.51967,0.29434,1.3375,0.3573,0.48443,0.76554,0.048039,0.30424,-0.50209,0.86313,0.7214,1.1799,1.5898,1.055,0.077637,0.14357,0.54476,0.25532,1.2202,2.3344,0.78676,0.87989,0.68938,0.75848,0.79595,1.0143,0.45777,1.3641,0.93343,0.52499,0.6949,0.65179,0.84741,0.60397,-0.053891,0.67242,0.31135,0.34022,1.0781,0.42925,0.44059,-0.046823,-0.28515,1.1502,0.94615,0.93751,1.4652,0.41681,1.392,1.2042,1.0301,0.57047,0.35047,0.60949,1.1693,1.154,-0.18029,1.8697,0.92539,1.1479,0.53065,-0.34042,0.9431,0.32301,0.13895,1.1262,0.86309,0.82005,-0.085746,0.64311,-0.19937,-0.37722,0.79482,1.7975,-0.057708,-0.81429,0.22344,0.60141,1.2617,-0.17283,-0.55303,0.54466,0.94466,0.80927,1.3131,0.88608,0.38023,0.84001,0.012784,0.52777,0.83182,0.33242,0.15054,-0.10422,0.14583,-0.78514,-0.44503,-0.39917,0.0079377,-0.11942,0.90942,-0.10489,0.79846,-0.70655,0.28776
66814,66822,66818,18,33,38,1.4505,0.068208,0.84956,0.25676,5.9612,0.3109,1.6429,1.4378,0.99358,0.19195,0.18813,0.077551,-0.32268,0.86275,3.2127,0.2724,0.65213,0.8817,0.4743,0.68147,0.65341,7.916,0.22357,-0.041986,1.0358,0.95733,1.091,0.82354,0.59982,1.3017,3.6789,0.55122,0.77396,0.47358,1.3313,0.51814,1.1592,1.1665,1.0249,-0.06631,0.71473,0.58022,0.69396,0.40709,1.1911,1.4565,1.0612,0.6914,2.5862,0.69979,1.306,0.37778,0.64398,2.2224,1.0496,1.1449,0.93589,0.88676,1.1989,0.27119,0.61729,0.7466,0.88118,1.2286,-0.15206,0.82311,1.4146,-0.51825,1.0103,0.79775,1.9106,1.5324,1.277,1.2089,1.7528,2.0017,1.0121,1.4472,0.71137,1.1112,0.53368,0.55249,1.4387,1.5725,1.545,1.5408,0.64199,0.86946,0.94699,0.22018,0.36114,1.3863,1.2474,2.0165,0.66666,1.4815,1.0995,1.8082,1.2223,1.3531,0.51239,0.90907,0.33843,0.27591,0.82967,1.2114,0.024738,0.87801,0.97421,0.47448,1.7397,1.0664,1.3563,1.5688,1.5471,0.50273,1.9977,0.059776,0.42977,0.76605,1.7504,0.71122,1.0543,-0.14393,1.4971,1.0757,0.57454,0.17586,0.37406,1.2718,1.6936,1.3787,-0.28402,0.20944,1.7895,0.85587,2.3787,0.73777,0.52232,-0.29402,0.91872,-0.23946,1.0536,0.65772,-0.55725,-0.22305,0.28675,-0.39737,0.090418,-0.067004,0.64728,1.6286,1.4045,1.2432,0.15461,0.85483,2.045,0.98065,0.47274,1.0311,0.094706,1.3352,0.13888,0.065167,0.55338,0.61419,0.019467,-0.32947,0.38641,0.44371,-0.0071766,0.69626,-0.82557,0.48302
66852,66860,66856,18,34,16,2.7903,-0.47638,0.91314,1.1745,2.2239,0.43173,1.084,-0.41023,0.020853,-0.54645,0.11347,0.30419,0.052955,-0.17822,-0.33946,-0.050328,0.26242,0.067216,0.47549,0.56172,0.30211,0.31974,0.13614,0.54066,0.17385,0.047795,0.57974,1.0971,1.4118,0.28312,0.52608,0.55536,0.62901,0.19663,0.31105,0.42844,0.40301,0.17931,-0.028578,0.072218,2.7212,0.31124,0.56154,0.49329,0.49648,1.4846,0.10118,0.87739,2.0747,0.58545,0.49224,1.0301,1.2536,0.099324,1.5474,1.1448,1.4689,1.2758,1.0656,1.6364,0.37684,0.27469,0.42716,0.68161,1.6108,0.39333,0.6159,0.33395,1.1683,1.0291,0.52917,1.1445,0.89966,0.92633,0.57788,0.027501,1.0044,1.0873,1.1287,1.6534,0.53641,0.94786,1.166,0.061317,0.53472,0.41905,1.002,0.49173,0.77509,0.559,0.8464,0.54441,1.2168,0.60556,1.0864,1.6119,0.45319,0.27834,0.88051,0.0092903,1.8144,0.73556,0.85547,1.6144,0.84549,0.45141,1.3462,-0.013852,0.28246,-0.30251,0.81022,0.099381,0.63181,-0.47274,0.76969,1.1027,0.98792,0.46472,1.6008,1.3886,1.8602,0.72055,1.5194,1.0159,2.1986,0.13333,2.2601,-0.092832,0.96556,0.032434,0.25434,1.3626,1.7702,-0.56603,2.1082,1.2825,1.6811,1.0023,1.0539,0.6407,0.82046,-0.065235,1.7993,0.38049,0.65717,1.0847,0.82857,0.28877,-0.092196,1.1832,0.70407,0.40561,0.87618,0.48986,0.99072,0.26788,0.77945,-0.11289,0.62492,0.10537,0.96448,-0.14964,-0.060346,0.68585,0.30284,0.35763,0.83955,1.0195,0.77968,1.3415,0.26551,1.3452,0.70697,0.43041
66890,66898,66894,18,34,54,1.0152,0.2128,0.41699,0.97342,0.86011,2.5467,0.64819,0.62019,0.3344,-0.2451,0.091234,0.73578,9.2811,2.0957,0.15719,0.45182,0.19811,0.27184,-0.84347,1.0577,0.5292,1.1447,-0.055345,7.498,0.0036724,-0.19699,0.15493,1.0599,0.91162,0.057829,0.38762,0.85581,1.4092,3.5482,2.093,1.0645,1.594,1.4897,0.63741,1.1789,1.3499,0.16744,0.50654,0.69907,0.42069,0.57551,0.86557,0.8138,1.3453,1.173,1.2952,0.0068095,0.77341,0.65597,-0.26652,0.86768,-0.65886,0.93952,0.10189,0.21976,1.228,0.40667,0.64258,1.3222,0.83754,1.1018,0.07565,0.86255,1.0164,0.75756,1.1858,0.87853,1.4422,0.5717,1.2483,0.76943,1.8647,0.95722,0.99755,1.7265,1.9214,1.3043,0.42528,-0.053017,1.2767,1.2817,0.35085,1.3706,1.3688,1.3102,0.65778,1.5178,0.13233,1.6722,0.86074,1.0913,1.3313,1.3269,0.73894,1.0405,1.3423,0.70131,1.876,0.96702,0.83079,1.0367,1.0177,0.98392,1.1263,0.67796,0.57538,1.6395,1.0631,0.27395,0.71927,0.62152,0.66712,1.0973,1.5607,1.0497,1.221,0.55489,0.76706,0.44401,1.5819,0.97685,0.34298,0.36161,1.3713,1.5029,0.97423,0.44714,0.65864,-0.54355,0.86226,0.72527,0.14964,0.48094,0.39454,1.5503,0.92855,0.78018,1.8018,1.4518,-0.47028,1.292,0.43929,0.60401,0.35822,0.86305,1.1497,-0.44284,1.0024,0.78059,0.0099831,0.53151,1.0327,1.0676,0.020413,1.27,-0.10603,-0.15996,1.2315,1.1693,0.96821,-0.72523,0.59959,0.22743,0.92046,0.92997,0.43123,0.13402,0.22974,0.65851
66927,66935,66931,18,35,31,0.70536,-0.87166,0.87129,3.2338,0.90454,0.10598,0.71677,5.4513,8.6378,0.094199,0.45165,0.10659,0.0015574,0.10605,0.55852,0.49421,0.12786,0.083866,1.2058,3.5453,0.6989,0.069116,-0.23083,-0.041736,0.72495,1.3296,-0.30114,1.0338,0.011367,-0.37373,0.37907,0.64552,0.27617,0.2277,0.33911,0.29105,1.3186,0.65347,0.22799,0.67824,0.96017,1.8809,0.67443,0.74773,1.0405,0.84277,0.98299,-0.47492,0.91717,1.9099,1.7262,0.2495,0.4214,-0.33003,0.88557,0.73282,1.0796,0.37675,0.97873,1.551,-0.0055155,1.6819,1.4099,0.16334,1.3795,0.68328,1.9681,1.0991,0.93544,0.12824,1.2717,0.93725,0.64931,0.68351,1.5252,0.26393,0.31557,0.72067,0.64681,1.1521,1.577,1.7257,1.407,1.3741,0.54401,1.4638,0.98643,1.147,0.79201,0.014114,0.36991,0.96508,0.93553,0.067028,1.1592,0.059401,0.78661,1.1922,0.63504,0.3709,0.2496,0.25076,1.2204,0.57552,1.7888,-0.31513,2.0873,1.4388,0.37499,0.078628,1.0172,0.96759,1.4364,0.99308,0.88733,1.7709,0.63593,1.8947,0.96082,0.36693,0.4009,0.90533,0.79627,1.7818,1.896,1.2934,0.37399,1.3436,0.94725,0.30104,1.2857,0.2465,0.1763,0.81665,1.7513,0.76335,1.6155,0.2566,0.72371,0.12517,0.31933,0.59332,-0.67038,0.71421,1.0109,1.0647,0.81711,1.229,0.74121,2.7419,0.79508,-0.08358,1.7844,0.34553,1.1682,1.3981,-0.043961,0.14568,-0.031779,0.76539,0.71017,0.1756,1.3095,0.52795,0.49394,0.41937,0.12556,-0.31668,0.73749,0.94714,0.78762,0.54467,0.85119,0.64067
66965,66973,66969,18,36,9,0.61089,0.28555,0.086172,6.0893,0.13316,-0.38411,4.5233,0.60624,0.29562,-0.091559,0.89644,0.1642,0.11571,0.2737,0.96415,0.73686,0.18502,1.0836,0.84093,1.0946,1.0354,0.49797,1.1969,0.074438,1.0841,0.26319,-0.082003,1.5667,-0.25734,1.301,0.52277,1.6253,1.7744,0.99258,0.61602,0.66232,0.91973,1.4999,0.31822,0.45179,1.1932,0.15766,0.077931,1.1529,0.068148,0.60853,0.55272,0.68932,0.26974,-0.51868,1.2397,-0.062712,1.7631,1.1286,1.2087,0.44173,1.0398,0.58587,0.79228,1.3041,1.8045,3.2989,2.9894,0.73938,0.70117,1.7809,-0.3298,0.88496,1.321,0.44575,1.3758,0.70058,0.75482,0.7847,0.063118,1.2463,0.9164,1.0099,0.90973,0.99189,1.4284,1.0288,0.37585,0.93454,0.14459,1.5752,0.98076,1.0251,1.2783,1.4622,0.69898,1.3239,1.5633,1.2149,0.64229,1.1876,0.91376,1.0235,1.1952,0.94147,0.64414,0.92836,1.4536,1.6838,-0.041149,0.85003,1.317,0.7164,0.94935,0.94552,0.96029,1.6697,1.4486,1.5159,0.85272,0.7491,0.99261,0.97479,0.19944,0.92587,1.1311,0.78242,1.2238,0.98876,1.1526,1.6328,1.9946,1.1561,2.1182,1.7305,1.4087,0.87788,0.062224,0.54466,0.15846,0.030673,1.0803,1.8443,0.24563,0.59666,0.21934,0.046051,0.27645,0.75515,0.36827,0.91396,0.83236,0.92282,0.973,0.37316,0.86889,1.3608,0.68702,1.1413,1.2836,0.27712,1.1248,0.3407,0.94483,1.2466,1.0599,0.83766,0.79366,0.07465,0.88428,0.36513,0.16611,0.58775,1.4863,0.56338,0.87762,0.71606,0.17531,0.99561
67003,67011,67007,18,36,47,66.231,29.048,29.554,29.927,57.735,28.148,38.265,86.43,31.227,21.994,20.77,32.754,23.147,24.651,24.701,25.506,17.938,26.435,20.371,20.241,21.804,18.977,17.499,19.003,18.779,18.304,12.623,12.433,12.325,10.946,12.484,12.78,12.449,13.353,13.209,12.912,11.617,11.045,10.046,9.6157,10.218,10.681,10.549,10.4,9.3142,9.6467,7.4215,8.3228,6.9381,7.1764,6.6406,6.542,6.5045,7.1536,5.2717,5.4773,4.7201,4.556,5.161,5.3037,5.2673,3.0572,3.0151,3.1698,2.781,4.3583,4.4368,3.1891,4.5308,3.362,2.8909,3.6219,2.5429,2.1971,3.1501,3.2395,2.8462,2.0653,2.0384,2.6811,2.2579,2.2135,2.2933,2.7551,1.8695,1.7474,1.9569,2.2307,2.0974,2.521,2.0668,2.5673,0.97928,1.6623,1.9153,1.6688,1.8575,1.8398,1.4452,1.0161,2.4454,1.3985,1.1585,1.6849,2.2358,1.509,1.2597,1.5636,1.1945,1.9915,0.85816,0.92171,1.5009,1.923,2.0101,0.7213,2.3085,2.0232,2.1959,1.4807,1.8055,2.1299,1.6564,1.5213,1.7457,0.37501,1.5535,0.61584,1.1234,1.6568,1.5299,0.85774,1.037,3.1746,1.437,1.4622,1.8594,1.5908,2.2099,1.9765,1.9524,0.81929,1.3138,2.0923,1.0641,0.94587,1.5835,2.2521,2.0194,1.5405,2.0322,1.6373,1.4057,2.6169,1.1032,1.425,1.2486,2.8237,2.3748,0.81226,1.9272,1.6781,1.4586,1.834,1.1225,0.74189,1.3169,1.2768,1.8243,1.6698,0.94386,1.2256,2.5786,1.6936
67041,67049,67045,18,37,25,50.229,46.652,34.498,39.238,39.257,34.906,36.725,30.34,40.578,31.94,33.096,31.458,36.264,33.332,32.925,32.383,27.948,32.926,28.69,25.867,23.419,23.594,27.972,27.726,33.266,29.424,26.853,25.154,22.165,21.735,21.721,21.123,21.934,19.553,19.733,19.084,20.289,17.746,16.183,16.559,13.669,15.017,15.983,13.387,12.976,12.312,12.302,11.112,11.309,11.201,11.362,10.265,9.9831,9.3338,9.3394,8.3416,8.4205,8.287,7.2519,6.4812,6.111,5.0723,5.7537,4.8408,5.6505,4.5319,5.7823,5.926,4.5068,4.9232,5.3105,4.1979,4.325,4.4774,3.5505,4.0641,4.4028,3.1516,3.0881,3.2341,4.2599,3.6008,3.501,2.948,2.9899,3.3154,2.589,3.0971,3.7321,3.4379,3.259,2.472,2.5735,2.4249,2.4886,2.4579,1.7249,1.7721,2.3386,2.3685,1.5503,2.2615,2.496,1.9006,1.4386,2.1517,2.5295,2.0478,1.325,2.0657,2.272,1.0457,1.2719,2.6324,2.2301,3,1.3312,1.6148,2.3365,1.3954,2.246,2.2225,2.0101,2.4777,2.3318,1.9093,0.9492,2.1548,1.4403,1.8054,2.2759,1.7907,1.5984,1.9777,1.3905,1.6349,2.1011,1.7512,2.223,2.0211,2.489,1.5511,3.0139,1.7536,2.8847,1.8819,2.7331,2.0788,1.6487,2.0376,0.83625,2.1759,1.8913,1.3894,2.1246,1.4089,1.9539,1.0768,2.0406,2.0295,1.9692,1.8511,1.9928,1.9319,2.0437,1.7628,2.335,2.12,2.9476,2.5003,2.1629,2.6661,1.5115,2.924
