t01/p11.ict
219, 1001
Martins, J. Vanderlei 
University of Maryland, Baltimore County
PI-Neph, Polarized Imaging Nephelometer, aerosol phase function (P11) measurements. The linear scattering coefficient measurements are in an other file.
DEVOTE
1,1
2011,09,19,2012,05,05
0
Start_UTC, seconds after midnight, time of acquisition
179
1,1,1,1,1,1,1,1,1,1,1,1,1,1,1,1,1,1,1,1,1,1,1,1,1,1,1,1,1,1,1,1,1,1,1,1,1,1,1,1,1,1,1,1,1,1,1,1,1,1,1,1,1,1,1,1,1,1,1,1,1,1,1,1,1,1,1,1,1,1,1,1,1,1,1,1,1,1,1,1,1,1,1,1,1,1,1,1,1,1,1,1,1,1,1,1,1,1,1,1,1,1,1,1,1,1,1,1,1,1,1,1,1,1,1,1,1,1,1,1,1,1,1,1,1,1,1,1,1,1,1,1,1,1,1,1,1,1,1,1,1,1,1,1,1,1,1,1,1,1,1,1,1,1,1,1,1,1,1,1,1,1,1,1,1,1,1,1,1,1,1,1,1,1,1,1,1,1,1
-9999,-9999,-9999,-9999,-9999,-9999,-9999,-9999,-9999,-9999,-9999,-9999,-9999,-9999,-9999,-9999,-9999,-9999,-9999,-9999,-9999,-9999,-9999,-9999,-9999,-9999,-9999,-9999,-9999,-9999,-9999,-9999,-9999,-9999,-9999,-9999,-9999,-9999,-9999,-9999,-9999,-9999,-9999,-9999,-9999,-9999,-9999,-9999,-9999,-9999,-9999,-9999,-9999,-9999,-9999,-9999,-9999,-9999,-9999,-9999,-9999,-9999,-9999,-9999,-9999,-9999,-9999,-9999,-9999,-9999,-9999,-9999,-9999,-9999,-9999,-9999,-9999,-9999,-9999,-9999,-9999,-9999,-9999,-9999,-9999,-9999,-9999,-9999,-9999,-9999,-9999,-9999,-9999,-9999,-9999,-9999,-9999,-9999,-9999,-9999,-9999,-9999,-9999,-9999,-9999,-9999,-9999,-9999,-9999,-9999,-9999,-9999,-9999,-9999,-9999,-9999,-9999,-9999,-9999,-9999,-9999,-9999,-9999,-9999,-9999,-9999,-9999,-9999,-9999,-9999,-9999,-9999,-9999,-9999,-9999,-9999,-9999,-9999,-9999,-9999,-9999,-9999,-9999,-9999,-9999,-9999,-9999,-9999,-9999,-9999,-9999,-9999,-9999,-9999,-9999,-9999,-9999,-9999,-9999,-9999,-9999,-9999,-9999,-9999,-9999,-9999,-9999,-9999,-9999,-9999,-9999,-9999,-9999,-9999,-9999,-9999,-9999,-9999,-9999
End_UTC, Seconds after midnight, ending time of acquisition
Mid_UTC, Seconds after midnight, middle time of acquisition
HH_UTC, Hours after midnight, the middle time of acquisition (Mid_UTC) formatted in the HH:MM:SS way
MM_UTC, Minutes after HH_UTC, the middle time of acquisition (Mid_UTC) formatted in the HH:MM:SS way
SS_UTC, Seconds after MM_UTC, the middle time of acquisition (Mid_UTC) formatted in the HH:MM:SS way
3 degrees,none,P11 or phase function
4 degrees,none,P11 or phase function
5 degrees,none,P11 or phase function
6 degrees,none,P11 or phase function
7 degrees,none,P11 or phase function
8 degrees,none,P11 or phase function
9 degrees,none,P11 or phase function
10 degrees,none,P11 or phase function
11 degrees,none,P11 or phase function
12 degrees,none,P11 or phase function
13 degrees,none,P11 or phase function
14 degrees,none,P11 or phase function
15 degrees,none,P11 or phase function
16 degrees,none,P11 or phase function
17 degrees,none,P11 or phase function
18 degrees,none,P11 or phase function
19 degrees,none,P11 or phase function
20 degrees,none,P11 or phase function
21 degrees,none,P11 or phase function
22 degrees,none,P11 or phase function
23 degrees,none,P11 or phase function
24 degrees,none,P11 or phase function
25 degrees,none,P11 or phase function
26 degrees,none,P11 or phase function
27 degrees,none,P11 or phase function
28 degrees,none,P11 or phase function
29 degrees,none,P11 or phase function
30 degrees,none,P11 or phase function
31 degrees,none,P11 or phase function
32 degrees,none,P11 or phase function
[...]
[from data line 25]
67606,67614,67610,18,46,50,59.812,29.568,28.12,26.782,35.017,33.324,27.043,27.267,34.871,38.693,37.664,36.311,24.889,21.224,27.596,21.108,20.757,20.539,23.467,21.984,18.635,17.952,16.836,15.841,15.897,17.633,20.097,19.159,16.1,14.973,14.393,14.181,13.888,14.897,15.039,14.798,15.069,14.243,13.288,10.541,11.082,10.427,12.13,11.738,10.218,9.3437,9.0031,9.4173,9.5932,9.6061,8.4034,9.5183,7.6272,8.8413,7.3512,7.466,6.7623,7.6242,7.8756,6.3401,5.8651,6.5696,6.6728,6.1857,6.1489,6.1566,6.0423,5.3457,5.7384,3.8977,5.1157,4.0064,4.2988,3.9553,4.5904,3.0119,3.2159,2.7715,3.0259,3.4404,3.6338,2.7611,3.0089,4.0955,2.8112,3.3534,2.2011,3.0041,3.1688,2.9195,2.425,2.3843,2.8582,3.614,2.7563,3.1622,3.8244,2.7956,2.3824,2.8013,2.5185,2.8786,0.95394,1.7108,3.0649,1.4482,2.3087,1.9115,1.8797,2.2293,2.6726,2.3727,1.6454,3.1503,2.3544,3.6006,2.9137,2.7906,1.9683,1.6414,2.2553,3.2663,2.5071,1.9162,2.4981,2.2651,1.6462,1.6764,1.5071,2.6302,3.3401,1.7632,2.581,1.4837,3.1954,0.8216,2.7993,2.2873,2.0452,2.0133,2.1959,1.8048,1.2677,1.8493,1.8907,0.93289,1.2129,2.796,2.549,0.8325,3.1688,1.9261,2.7176,3.7662,2.0237,2.4319,2.331,1.5459,2.1119,2.1755,1.8481,2.4357,2.8346,2.9312,1.2716,1.427,1.6464,2.0726,2.9449,2.5521,3.0578,2.8326,2.1952,2.7039
67643,67651,67647,18,47,27,37.973,31.931,29.249,47.533,30.293,29.924,23.989,23.777,32.193,30.538,36.456,23.068,22.115,20.031,21.356,23.919,27.348,23.447,19.212,20.317,19.614,16.109,17.727,15.872,17.303,17.51,16.617,15.184,14.529,13.569,15.479,14.506,13.66,12.93,15.041,12.868,12.918,11.116,12.338,11.957,10.559,10.354,11.702,10.314,8.8819,9.4762,9.3939,8.7553,9.6579,8.439,7.9002,8.1878,8.5063,6.9213,7.3815,6.4044,6.2883,6.7565,5.8394,6.4096,5.0388,5.3101,6.1797,5.0322,4.7357,4.3273,3.6583,5.2327,4.7661,4.3072,4.8944,4.6052,4.1715,3.8589,7.249,2.2317,3.3963,2.6537,3.1039,2.291,3.2431,4.5569,3.4699,3.1204,2.5066,2.9476,3.5975,3.0226,3.4865,2.5091,3.1625,2.6802,2.6184,2.2039,3.1531,2.7675,3.0067,3.4695,3.0432,3.033,1.6192,2.8278,1.8401,2.0356,3.1625,2.0137,2.8982,1.2516,1.464,2.8193,2.6045,2.0387,2.6318,1.8389,2.7183,1.9763,2.2091,3.4884,2.2028,0.95427,2.2027,3.9098,1.9952,1.1412,2.035,3.0771,2.0829,2.3875,1.9029,1.468,3.2915,2.206,2.7457,1.712,1.7495,2.1044,2.3685,3.0844,3.4833,2.0812,3.7999,2.7283,1.7418,2.2176,1.8297,0.69576,1.2546,1.0433,1.6588,1.1764,1.5395,1.8195,1.7289,3.6466,2.7681,1.9657,2.3666,2.5837,2.0808,2.688,2.409,2.0748,2.5962,1.7261,1.443,2.3573,1.7424,1.6949,2.3407,3.1771,1.9713,2.2152,2.7873,3.3572
67681,67689,67685,18,48,5,15.839,15.666,19.038,19.5,21.318,17.645,18.403,21.526,50.349,44.521,16.351,14.285,18.02,18.661,24.037,15.196,13.071,15.716,16.914,12.712,11.61,9.8535,10.316,12.117,13.662,14.096,12.676,13.083,9.3044,10.144,11.332,11.53,9.9646,9.0158,8.6289,7.4488,8.6566,7.724,7.4569,6.8816,6.7444,7.7851,9.0942,7.6143,8.6233,7.0696,7.7449,8.954,6.8772,6.3767,5.9314,4.7227,4.9238,4.7879,4.9574,4.9438,5.027,4.8758,5.0189,4.9749,4.1438,4.4844,4.5021,3.9587,3.4283,3.8146,3.6023,3.8755,3.477,4.3779,3.672,3.2406,2.9113,2.5898,2.2894,3.3367,3.6708,2.3032,1.9129,2.522,3.5068,3.0554,1.4314,2.3739,3,3.1202,2.1827,2.2085,2.5047,2.1686,1.5265,2.4553,1.1378,2.2758,1.908,2.1067,1.7534,1.5309,1.5817,2.6357,2.0283,1.791,1.1586,3.513,1.7345,2.4057,2.0804,1.3013,2.0669,1.4253,3.0057,1.8579,2.0692,2.0188,1.7979,2.9087,1.4356,2.7216,1.948,2.5905,1.9712,2.7441,2.447,1.2495,1.6417,2.204,2.0228,2.2897,3.804,2.2306,1.9697,1.7511,1.8539,1.4462,1.5354,1.3845,2.156,2.8587,2.7986,2.3419,1.4102,1.2012,1.1619,0.93954,1.174,2.6217,3.3294,2.56,2.8873,2.6694,1.5028,3.1495,2.8214,2.866,2.7786,0.84922,2.277,1.2298,1.3436,1.888,2.5077,2.7667,2.6648,2.2071,1.3517,1.7162,2.2754,2.1138,2.6055,2.6005,2.828,2.2638,1.3292,2.6574
67719,67727,67723,18,48,43,18.108,16.297,15.539,32.324,21.36,14.427,15.346,18.444,16.876,17.838,17.235,12.634,10.003,11.616,18.104,13.79,11.567,10.924,12.106,12.1,12.354,12.126,11.794,13.911,14.849,13.637,12.569,13.278,11.779,9.949,9.8691,10.355,9.2461,7.6832,7.8996,10.358,9.2684,7.5349,7.5108,7.0943,8.1918,10.039,9.8516,8.0976,7.1323,6.2225,7.0181,6.6608,6.4064,6.0139,5.5239,4.2793,4.6134,5.3178,4.5158,4.4632,3.408,4.2138,4.7163,5.2065,4.2072,5.4801,4.7188,4.3512,4.4287,3.4642,4.1051,4.6838,2.8582,3.5021,4.5708,3.3865,3.4051,2.0195,3.1259,2.8037,3.7645,3.0986,2.6929,2.0256,2.2349,2.4588,2.0951,3.1482,2.206,3.1986,2.7168,1.8798,1.7263,2.2759,2.6295,2.4786,3.1845,3.0064,2.5437,2.7477,2.8936,2.1731,2.0093,1.6717,2.3017,2.0442,2.9725,3.1571,2.4577,1.4722,1.9107,2.4816,2.2528,1.8284,1.5564,2.9582,1.6381,1.9043,2.6147,0.76793,2.0937,1.8478,0.60914,2.6459,2.0243,2.1013,1.9654,2.7014,3.0345,1.7949,2.6829,2.5994,2.2785,3.4656,1.5081,1.8149,1.9794,2.8533,3.0298,0.50491,2.4407,2.3344,2.1097,1.7707,2.3665,3.0698,2.6447,3.3855,1.5335,1.8656,1.3462,0.49285,1.6986,2.5559,2.5195,2.486,2.6682,2.3939,2.225,1.8313,4.1056,1.6026,1.9558,3.2338,2.7498,1.2376,2.1178,1.2785,1.6211,1.3786,1.5272,2.387,2.2236,2.7757,1.8525,2.7457,1.121,2.5809
67757,67765,67761,18,49,21,20.798,19.641,25.67,25.342,17.512,14.599,19.001,18.191,19.273,12.947,18.625,13.349,12.257,14.392,13.085,11.151,11.305,13.74,11.856,10.892,12.905,12.817,12.044,13.035,11.463,10.027,9.8026,10.815,11.143,10.67,9.2948,9.1158,9.6783,9.2645,10.216,8.799,8.6336,7.347,6.5523,6.833,6.754,5.8147,5.7511,6.3642,6.7508,7.7964,7.4088,5.9048,6.7208,5.1218,5.0438,3.9351,4.3214,5.6062,5.5729,5.9315,4.2702,5.8594,4.2126,4.6494,4.0038,4.0076,4.1909,4.1214,3.7586,2.4723,4.2171,2.1064,3.8998,3.0987,4.1587,3.7353,2.3141,3.277,3.5408,3.4585,3.2254,2.7957,3.3882,2.4718,1.9158,2.5259,2.9076,2.0339,2.2266,2.4568,2.2516,2.0647,2.9515,2.8121,2.4055,2.3891,3.4595,3.0297,1.7095,2.5972,2.0037,2.4677,3.3468,2.1977,1.9302,1.5916,1.5945,2.1712,2.123,2.0835,1.8871,0.96902,1.8088,1.1886,2.0016,2.0937,1.2896,2.7448,2.6486,2.5193,2.3561,1.4534,2.4695,2.7472,2.2552,2.138,2.5999,2.8229,1.7854,1.6337,2.0268,2.1456,2.4471,1.8572,1.6835,2.8231,1.8492,3.3093,0.96727,2.3965,1.3786,1.6497,-0.0739,2.3642,2.3504,1.9871,1.4463,1.3488,1.1074,1.3247,2.5863,1.4468,2.2936,1.9813,1.3291,2.6267,2.2538,3.026,3.3776,2.7561,3.2129,1.1959,2.933,2.7219,2.463,2.2413,1.8942,2.0197,1.5096,0.8543,2.0537,2.4714,2.6911,2.8332,1.8679,2.8242,2.5247,3.2963
67794,67802,67798,18,49,58,13.485,14.837,12.756,18.34,15.087,14.444,14.631,12.587,16.191,15.111,11.366,9.7465,9.4075,9.1215,10.602,11.902,13.84,11.717,12.664,9.5265,9.4144,13.925,10.395,9.9989,10.324,10.286,9.7211,8.5523,7.7284,10.034,8.8742,7.6534,6.7585,6.9798,4.7114,5.7059,7.0075,7.6655,8.1562,6.3938,5.3637,5.1813,5.5319,5.2118,4.1138,4.4072,5.3267,5.6518,4.3386,5.693,4.9178,4.5514,5.0093,3.922,6.5986,5.4007,5.846,5.6701,4.8344,5.4943,5.0434,4.4759,4.0076,4.9077,4.9526,4.2823,3.5089,2.4304,2.6322,3.8274,3.0909,2.8932,3.0647,3.5576,2.9114,3.2406,2.3579,2.6103,2.285,1.7428,1.6904,2.144,2.5773,2.5087,3.5654,2.2946,2.5501,2.1408,1.2285,2.3904,2.525,2.3372,2.9403,1.8634,1.9545,2.0268,1.185,2.7369,1.7205,1.6676,1.684,1.2708,2.3915,2.1456,1.9025,2.6703,1.8727,2.6343,2.1573,3.1394,2.6646,1.8437,2.7541,1.9584,1.9931,2.3776,3.5072,2.9022,1.9218,1.3565,2.9528,1.9381,1.8317,1.7356,1.8607,1.9302,2.5098,2.0168,1.1847,1.9008,3.1412,2.6385,0.887,1.3161,1.6747,1.5452,1.5085,1.8618,2.4475,1.9547,2.8273,1.6456,2.5846,1.8779,2.2426,0.61793,3.196,2.6487,2.422,2.0098,0.74398,3.6444,1.7089,3.2555,3.5704,1.8131,2.0756,1.786,1.8043,4.0538,1.7874,1.9235,1.9654,2.2417,0.56163,1.4728,1.7005,2.6516,2.8567,2.0107,2.334,1.3766,1.7629,2.5448
67832,67840,67836,18,50,36,8.0073,11.924,9.0748,10.298,7.603,10.567,8.8281,9.0315,10.452,8.6031,8.5078,8.3956,7.3832,5.6943,6.8173,11.917,7.2234,8.1673,6.855,9.308,6.6461,9.5347,6.3462,5.7063,4.8674,7.4796,7.675,8.0545,7.1805,7.9153,9.152,7.3342,6.5077,5.396,5.5109,5.2711,5.7428,5.3768,4.6461,4.1196,4.2018,4.9594,4.0946,5.8823,4.7263,4.8932,4.7605,4.8355,3.0616,3.6527,5.1998,4.3872,4.8006,4.0862,4.1082,2.8515,3.1516,3.0361,3.0946,2.4877,2.8194,2.8082,3.0492,2.7064,3.2936,2.4941,3.3179,3.8136,2.6624,2.7981,2.8614,2.9227,2.2419,2.4253,2.6301,2.9184,2.4342,2.6498,2.6284,2.5095,1.9631,1.7367,2.3441,2.3348,2.6199,2.4468,2.1104,2.1548,1.0441,1.6349,2.2794,1.9539,2.624,2.1057,3.0421,2.6833,1.5145,2.253,1.8421,1.7152,2.091,1.8475,1.2301,1.7005,1.6358,0.87215,2.66,1.1498,1.5915,2.0653,1.8404,2.5464,1.6924,1.9012,1.3827,1.5939,1.4575,0.89364,2.2756,0.86065,2.2584,2.4862,2.1289,1.9183,2.8505,1.2199,2.1085,2.0298,2.4876,2.1438,2.6074,2.3746,0.46982,1.7343,1.8671,3.301,3.0073,1.7292,0.89054,2.4132,1.0691,1.8601,1.5326,1.3199,2.0672,0.97615,2.6142,1.7932,1.3231,2.4393,2.6445,2.3909,2.4415,1.9126,2.1405,1.914,1.8548,3.1941,1.7868,2.0972,1.7973,2.2991,1.2909,2.3991,1.4091,1.8595,2.3529,2.5398,2.4882,2.883,2.1702,2.6324,1.4899,2.4959
67870,67878,67874,18,51,14,16.829,21.659,22.025,20.732,20.885,14.423,16.857,25.861,14.338,15.962,17.398,15.489,11.589,8.4001,9.2121,12.603,11.694,12.95,10.641,12.612,11.318,11.615,14.038,11.312,11.56,11.429,11.759,14.667,14.994,9.2734,10.115,8.1517,6.9157,6.6521,7.3617,7.7682,7.7748,7.5308,6.7277,7.5079,6.0658,6.8945,5.783,5.9596,5.5256,5.1593,4.5444,6.9408,5.7427,6.1768,6.1255,6.4251,4.2651,5.4953,4.3971,5.2858,5.265,4.5304,4.6763,3.9408,4.6137,4.8148,4.1647,3.6968,3.4344,4.6011,3.6056,4.387,3.0497,4.0562,4.8484,4.4457,2.655,2.4911,4.2822,2.6647,1.673,2.3852,2.1828,2.5827,2.6976,1.6648,2.4703,2.5433,2.5622,1.645,2.2695,1.9914,3.0537,2.3858,2.575,2.2432,2.12,2.5951,1.8736,1.3199,2.8197,1.973,3.1484,2.0183,2.1924,2.2269,1.9,2.7068,1.7648,1.3563,1.8152,2.0155,1.6773,0.87662,0.87587,1.9227,1.8733,1.7329,1.4525,2.3185,1.73,1.9796,2.8859,2.7459,2.4741,1.3709,2.4142,1.7204,2.1335,2.67,1.3538,1.756,1.1026,2.2706,1.7929,2.0396,1.6768,2.0061,1.1863,1.6945,0.10997,1.5455,2.5107,1.6467,1.6785,3.101,2.2727,2.5808,1.7684,1.9094,2.2377,1.4233,1.4346,2.551,0.95121,3.4443,2.1653,3.1591,2.153,2.4214,1.444,1.3987,3.2524,2.4278,1.9018,2.1768,2.0181,0.94289,2.5067,1.6376,1.2765,2.5278,3.1581,2.535,2.3343,2.0659,2.1591,3.8144
67907,67915,67911,18,51,51,13.682,13.681,19.618,16.402,19.46,12.448,16.689,13,14.848,12.149,17.504,16.366,14.971,19.028,10.915,11.997,13.972,15.071,9.9081,12.579,13.875,14.015,12.414,12.19,10.075,13.363,8.822,9.9371,8.8513,8.367,9.0512,10.552,9.7002,9.5338,8.7426,7.7892,8.9031,8.121,7.7291,6.0853,7.0214,6.108,6.8448,6.5176,6.8193,6.401,6.4143,6.3677,6.4016,5.6181,5.1048,6.4189,5.7311,5.9417,5.1117,5.0785,6.3261,5.4991,4.6866,3.7885,3.9058,4.7273,4.4437,2.8417,4.2616,2.2482,4.5729,3.5315,4.7327,3.1116,3.2884,3.1832,3.7403,2.0557,2.8076,2.3945,1.5553,2.4277,2.7079,2.7424,3.4727,2.6779,2.0508,2.5467,2.7495,2.7022,2.2328,2.7879,2.673,2.5761,1.7435,2.375,1.6984,2.1685,2.8032,2.0039,1.9844,1.871,2.3104,1.8621,1.6999,2.7544,2.3544,3.0613,2.9544,4.2363,2.2763,3.294,2.6817,1.6793,2.4068,1.4722,2.1227,1.2622,2.6933,2.0762,3.1725,3.1172,1.9981,2.0032,2.8486,2.8152,2.9538,2.3051,2.3461,1.3731,1.576,1.8669,1.6877,2.7929,1.4973,2.8082,1.6511,1.9455,2.014,2.8622,1.8076,2.5318,1.4476,1.019,3.3229,2.1591,1.1672,2.4043,1.9093,0.4146,2.6944,1.0318,3.0173,0.8005,1.1524,1.767,1.9373,3.0134,0.6368,1.9642,2.3575,2.8476,2.7845,2.7021,2.0602,1.4688,2.0084,1.9273,1.8581,1.6322,1.8079,2.6297,3.1234,2.1863,2.7626,2.832,2.0674,2.7032
67945,67953,67949,18,52,29,21.176,28.938,20.646,30.213,31.705,20.296,17.479,25.961,21.806,21.247,25.769,22.423,25.135,22.074,20.558,19.188,20.754,18.307,15.925,11.435,16.242,14.036,13.525,14.073,11.625,12.506,12.3,12.005,11.516,11.68,12.263,10.576,9.8174,10.761,11.084,10.886,11.065,10.551,10.573,9.3166,9.175,8.7203,8.2678,8.9832,8.1337,7.8369,7.3267,7.0943,6.0429,6.9923,6.7715,6.7679,7.556,6.1475,6.4629,6.3475,6.8143,7.0305,7.1565,6.0532,5.8449,5.7588,4.8842,5.2789,4.5078,3.4606,4.4674,3.6083,4.4817,3.6183,4.4675,3.8707,3.3918,2.7199,3.0067,4.7515,3.3524,2.6597,3.8672,3.5274,1.4755,3.0052,2.3162,3.0347,3.5448,3.3849,2.2033,3.3416,2.5493,2.4639,2.5974,3.0713,1.7755,2.2039,3.0094,2.9603,2.2101,2.6956,2.9182,3.9184,3.7588,2.7753,2.1064,2.8685,2.9004,1.3569,1.9638,2.5578,1.706,2.8652,2.5536,2.396,2.0922,2.8068,2.8664,1.0945,2.7687,2.4855,0.91734,2.4704,1.5159,1.6754,1.2661,1.3201,1.6095,3.7145,2.1412,2.0839,2.7902,1.9258,3.0721,3.3135,3.1066,3.5105,2.3532,2.0914,2.4017,2.1076,3.4506,2.819,4.264,4.0081,3.3831,3.4178,1.4039,0.48538,2.0654,2.0622,1.9046,2.4095,1.5943,3.2995,2.3808,2.3792,1.7566,3.0162,3.3045,1.8423,1.6359,2.056,2.5615,2.3423,2.2671,2.2227,1.9733,1.8317,2.1667,3.2038,3.2167,3.1543,2.3553,2.1272,1.4853,2.6325
67983,67991,67987,18,53,7,23.902,18.088,22.143,24,21.281,19.605,17.12,14.502,19.72,15.731,16.491,16.184,14.309,19.561,18.661,22.323,20.13,18.342,17.432,16.597,16.531,12.934,12.549,15.232,17.777,18.979,12.618,11.87,12.433,10.997,10.346,10.838,9.0411,11.391,12.301,12.191,11.218,10.398,9.9499,11.106,9.6681,9.2411,8.5524,7.0703,7.8533,7.7758,7.1664,7.7951,7.3416,6.3627,6.9857,4.5397,6.724,5.6467,5.2793,5.0977,3.8311,4.8221,4.2716,4.6707,3.5546,3.7973,4.3204,3.3452,4.0407,3.5634,3.8257,3.6381,4.7483,3.0092,2.582,3.0933,3.5538,4.626,1.9976,3.0377,3.7516,2.5977,3.4013,3.5003,3.1037,3.2284,1.9205,2.9783,3.2413,2.2468,2.9678,2.416,2.7338,2.6036,2.2118,2.4739,2.2111,1.8827,2.5067,3.1012,2.2707,1.9846,3.9976,2.9822,1.1636,2.3335,1.877,1.891,2.142,2.9222,2.635,2.1032,3.4842,3.2451,2.9573,2.7894,1.3528,1.3134,2.7028,2.1664,2.3571,1.8215,2.1173,2.1962,2.3268,2.026,0.3697,2.138,2.9935,0.83748,2.8135,1.9558,0.22394,1.8743,2.8959,2.3144,2.6503,2.2379,2.4583,1.1467,2.3229,2.3657,3.0519,3.243,2.0578,1.5832,2.8559,2.9833,1.7949,3.1698,2.117,1.4194,3.0139,2.994,1.021,1.2531,2.5766,1.3229,1.9071,1.9855,3.0863,2.3354,1.7893,1.1949,2.2004,2.3848,2.8825,1.8496,2.7276,1.0599,2.5083,3.3262,1.7806,2.8468,2.3761,2.7005,1.4054,2.6396
68020,68028,68024,18,53,44,13.329,13.417,46.178,12.054,16.435,18.687,11.576,16.921,16.847,14.909,11.14,12.865,14.205,15.24,15.5,15.816,14.631,14.328,16.261,13.769,12.062,12.676,11.251,10.255,11.139,12.102,10.877,9.8122,9.7661,9.5253,11.663,11.378,9.7907,8.7588,9.9576,9.1579,9.6897,7.6099,7.5069,6.3248,6.6798,6.8296,6.6825,7.1233,5.5681,4.2341,6.0915,5.6311,6.3458,6.1089,4.7658,4.1859,5.2066,4.6904,5.5808,5.0571,6.7849,6.4611,7.3466,5.3889,4.963,3.5967,3.7334,4.7826,3.9406,3.9498,2.27,3.3847,2.7569,3.2532,2.2693,3.2816,2.5595,2.7222,2.994,2.7296,2.6081,2.1746,2.4795,1.6922,2.7507,3.1839,2.6432,2.997,2.3299,2.8961,2.1133,2.5087,1.9403,1.6713,2.9098,1.9938,1.86,2.1575,2.0375,2.0233,1.6599,3.1356,1.6762,1.2143,2.3847,1.7571,2.3346,2.4309,3.9637,0.89234,1.724,2.4152,1.2775,2.2473,2.1068,2.666,1.529,2.579,2.2149,1.8264,2.4944,2.9683,2.1355,2.1817,2.3607,2.9967,1.5754,1.7516,1.58,1.4904,2.715,1.5901,1.415,0.71163,2.1129,1.8625,1.7064,0.30291,2.9601,1.7028,2.2396,1.7389,4.386,3.3734,2.3383,1.8693,1.5226,2.2963,2.5802,2.2648,2.7534,2.887,1.5526,2.8394,2.1376,2.5191,1.8985,2.3733,2.9275,1.9303,1.5943,1.1378,2.6211,2.3422,2.9742,2.112,2.5511,2.2006,2.1521,0.8744,1.9602,3.8272,2.517,2.8604,1.9613,1.8123,2.5116,2.3516
