t01/p11.ict
219, 1001
Martins, J. Vanderlei 
University of Maryland, Baltimore County
PI-Neph, Polarized Imaging Nephelometer, aerosol phase function (P11) measurements. The linear scattering coefficient measurements are in an other file.
DEVOTE
1,1
2011,09,19,2012,05,05
0
Start_UTC, seconds after midnight, time of acquisition
179
1,1,1,1,1,1,1,1,1,1,1,1,1,1,1,1,1,1,1,1,1,1,1,1,1,1,1,1,1,1,1,1,1,1,1,1,1,1,1,1,1,1,1,1,1,1,1,1,1,1,1,1,1,1,1,1,1,1,1,1,1,1,1,1,1,1,1,1,1,1,1,1,1,1,1,1,1,1,1,1,1,1,1,1,1,1,1,1,1,1,1,1,1,1,1,1,1,1,1,1,1,1,1,1,1,1,1,1,1,1,1,1,1,1,1,1,1,1,1,1,1,1,1,1,1,1,1,1,1,1,1,1,1,1,1,1,1,1,1,1,1,1,1,1,1,1,1,1,1,1,1,1,1,1,1,1,1,1,1,1,1,1,1,1,1,1,1,1,1,1,1,1,1,1,1,1,1,1,1
-9999,-9999,-9999,-9999,-9999,-9999,-9999,-9999,-9999,-9999,-9999,-9999,-9999,-9999,-9999,-9999,-9999,-9999,-9999,-9999,-9999,-9999,-9999,-9999,-9999,-9999,-9999,-9999,-9999,-9999,-9999,-9999,-9999,-9999,-9999,-9999,-9999,-9999,-9999,-9999,-9999,-9999,-9999,-9999,-9999,-9999,-9999,-9999,-9999,-9999,-9999,-9999,-9999,-9999,-9999,-9999,-9999,-9999,-9999,-9999,-9999,-9999,-9999,-9999,-9999,-9999,-9999,-9999,-9999,-9999,-9999,-9999,-9999,-9999,-9999,-9999,-9999,-9999,-9999,-9999,-9999,-9999,-9999,-9999,-9999,-9999,-9999,-9999,-9999,-9999,-9999,-9999,-9999,-9999,-9999,-9999,-9999,-9999,-9999,-9999,-9999,-9999,-9999,-9999,-9999,-9999,-9999,-9999,-9999,-9999,-9999,-9999,-9999,-9999,-9999,-9999,-9999,-9999,-9999,-9999,-9999,-9999,-9999,-9999,-9999,-9999,-9999,-9999,-9999,-9999,-9999,-9999,-9999,-9999,-9999,-9999,-9999,-9999,-9999,-9999,-9999,-9999,-9999,-9999,-9999,-9999,-9999,-9999,-9999,-9999,-9999,-9999,-9999,-9999,-9999,-9999,-9999,-9999,-9999,-9999,-9999,-9999,-9999,-9999,-9999,-9999,-9999,-9999,-9999,-9999,-9999,-9999,-9999,-9999,-9999,-9999,-9999,-9999,-9999
End_UTC, Seconds after midnight, ending time of acquisition
Mid_UTC, Seconds after midnight, middle time of acquisition
HH_UTC, Hours after midnight, the middle time of acquisition (Mid_UTC) formatted in the HH:MM:SS way
MM_UTC, Minutes after HH_UTC, the middle time of acquisition (Mid_UTC) formatted in the HH:MM:SS way
SS_UTC, Seconds after MM_UTC, the middle time of acquisition (Mid_UTC) formatted in the HH:MM:SS way
3 degrees,none,P11 or phase function
4 degrees,none,P11 or phase function
5 degrees,none,P11 or phase function
6 degrees,none,P11 or phase function
7 degrees,none,P11 or phase function
8 degrees,none,P11 or phase function
9 degrees,none,P11 or phase function
10 degrees,none,P11 or phase function
11 degrees,none,P11 or phase function
12 degrees,none,P11 or phase function
13 degrees,none,P11 or phase function
14 degrees,none,P11 or phase function
15 degrees,none,P11 or phase function
16 degrees,none,P11 or phase function
17 degrees,none,P11 or phase function
18 degrees,none,P11 or phase function
19 degrees,none,P11 or phase function
20 degrees,none,P11 or phase function
21 degrees,none,P11 or phase function
22 degrees,none,P11 or phase function
23 degrees,none,P11 or phase function
24 degrees,none,P11 or phase function
25 degrees,none,P11 or phase function
26 degrees,none,P11 or phase function
27 degrees,none,P11 or phase function
28 degrees,none,P11 or phase function
29 degrees,none,P11 or phase function
30 degrees,none,P11 or phase function
31 degrees,none,P11 or phase function
32 degrees,none,P11 or phase function
[...]
[from data line 208]
74488,74496,74492,20,41,32,251.66,201.1,171.48,198.43,237.81,120.61,155.3,125.81,89.099,119.79,92.653,96.794,66.416,56.006,49.431,47.378,62.594,65.334,52.254,28.919,35.113,33.176,58.03,35.355,39.647,32.998,32.327,29.531,27.969,32.118,40.332,42.486,28.575,22.632,23.898,18.201,17.226,17.214,16.845,15.335,14.445,12.057,13.245,12.43,10.774,11.837,11.47,11.476,10.603,10.453,10.428,10.502,11.21,10.264,10.049,9.7734,8.9409,9.7078,8.2553,9.0511,8.0646,5.6626,6.6495,6.6027,7.4869,6.4615,6.3734,6.6971,6.9113,6.211,6.7697,7.3302,4.7873,5.4264,4.5276,4.4377,4.7295,4.0014,4.0119,3.0824,3.5772,3.4569,4.8586,4.2142,4.2072,3.1856,2.966,3.1639,3.2649,2.3978,2.9168,2.9262,2.5341,3.2996,3.4527,3.0565,3.5922,3.3769,3.9778,3.4425,2.7536,3.2218,3.09,2.4557,3.9555,2.3447,1.9085,2.925,2.9855,2.1165,1.9235,2.7157,2.2626,3.9992,2.5706,1.4838,2.4428,2.2873,2.8174,1.4291,1.6722,1.7074,2.6469,3.009,3.3834,1.8291,2.7802,3.2601,2.6484,3.305,2.6579,1.8575,1.8142,2.4599,2.8777,4.2075,2.5367,2.0217,2.2231,3.7543,1.3036,3.3805,3.7363,2.8194,1.0875,1.5636,1.8855,2.194,2.9784,1.7057,2.664,3.3271,3.5685,5.8444,6.0146,3.5683,3.9251,4.4878,4.3772,4.1674,4.9625,4.3573,2.8629,4.593,5.8831,2.6772,3.1382,4.169,2.551,5.0047,3.2161,4.1621,3.0208,4.6996
74525,74533,74529,20,42,9,327.67,245.99,206.48,270.76,175.93,183.49,100.92,173.77,96.231,87.987,106.88,92.756,70.057,66.907,74.017,39.785,62.187,36.398,38.437,45.31,39.138,48.539,43.392,41.652,35.965,37.416,37.458,36.605,33.386,32.142,30.052,29.278,24.996,23.959,22.932,20.202,20.2,18.781,20.803,20.884,18.991,17.908,19.897,20.118,20.69,21.126,19.096,18.519,18.564,16.535,13.282,11.103,11.708,9.0178,8.965,8.814,8.6439,8.2243,8.8833,9.3092,8.6255,7.5613,7.4386,7.2542,5.8569,4.6006,3.9999,5.6986,5.2449,6.4035,5.8912,6.8961,4.7969,3.864,6.4301,7.161,5.5655,5.6784,3.4438,3.4013,2.3899,3.4151,2.2666,2.5802,3.1922,3.2161,3.1094,3.1446,2.8969,3.9043,3.5262,2.3601,2.5843,3.1041,1.9864,3.5317,2.1302,2.0465,3.0723,2.2306,2.8079,2.8712,3.2859,3.3261,2.3141,3.1312,2.023,2.71,2.4069,2.2536,2.3927,1.8761,1.6853,3.0507,2.1314,2.3822,1.8174,2.2281,1.7612,1.903,2.381,1.7729,2.6446,3.8395,2.9878,2.9199,1.442,2.4082,2.0523,2.5949,1.9628,3.4158,1.76,2.4259,3.9247,3.1237,2.5048,2.7955,1.575,2.7762,3.349,3.2257,4.0363,4.5484,2.5253,3.4681,1.1697,3.542,2.7064,4.2611,3.2135,3.1817,5.0008,3.858,4.9583,4.073,6.8678,2.8895,5.5808,6.8685,3.0747,2.7518,3.8062,3.1592,4.9519,4.4467,2.3578,3.905,4.084,4.6453,1.9217,3.7274,3.5381,4.2352
