t01/p12.ict
218, 1001
Martins, J. Vanderlei 
University of Maryland, Baltimore County
PI-Neph, Polarized Imaging Nephelometer, aerosol -P12/P11 measurements. The linear scattering coefficient measurements and P11 are in other files.
DEVOTE
1,1
2011,09,19,2012,05,05
0
Start_UTC, seconds after midnight, time of acquisition
179
1,1,1,1,1,1,1,1,1,1,1,1,1,1,1,1,1,1,1,1,1,1,1,1,1,1,1,1,1,1,1,1,1,1,1,1,1,1,1,1,1,1,1,1,1,1,1,1,1,1,1,1,1,1,1,1,1,1,1,1,1,1,1,1,1,1,1,1,1,1,1,1,1,1,1,1,1,1,1,1,1,1,1,1,1,1,1,1,1,1,1,1,1,1,1,1,1,1,1,1,1,1,1,1,1,1,1,1,1,1,1,1,1,1,1,1,1,1,1,1,1,1,1,1,1,1,1,1,1,1,1,1,1,1,1,1,1,1,1,1,1,1,1,1,1,1,1,1,1,1,1,1,1,1,1,1,1,1,1,1,1,1,1,1,1,1,1,1,1,1,1,1,1,1,1,1,1,1,1
-9999,-9999,-9999,-9999,-9999,-9999,-9999,-9999,-9999,-9999,-9999,-9999,-9999,-9999,-9999,-9999,-9999,-9999,-9999,-9999,-9999,-9999,-9999,-9999,-9999,-9999,-9999,-9999,-9999,-9999,-9999,-9999,-9999,-9999,-9999,-9999,-9999,-9999,-9999,-9999,-9999,-9999,-9999,-9999,-9999,-9999,-9999,-9999,-9999,-9999,-9999,-9999,-9999,-9999,-9999,-9999,-9999,-9999,-9999,-9999,-9999,-9999,-9999,-9999,-9999,-9999,-9999,-9999,-9999,-9999,-9999,-9999,-9999,-9999,-9999,-9999,-9999,-9999,-9999,-9999,-9999,-9999,-9999,-9999,-9999,-9999,-9999,-9999,-9999,-9999,-9999,-9999,-9999,-9999,-9999,-9999,-9999,-9999,-9999,-9999,-9999,-9999,-9999,-9999,-9999,-9999,-9999,-9999,-9999,-9999,-9999,-9999,-9999,-9999,-9999,-9999,-9999,-9999,-9999,-9999,-9999,-9999,-9999,-9999,-9999,-9999,-9999,-9999,-9999,-9999,-9999,-9999,-9999,-9999,-9999,-9999,-9999,-9999,-9999,-9999,-9999,-9999,-9999,-9999,-9999,-9999,-9999,-9999,-9999,-9999,-9999,-9999,-9999,-9999,-9999,-9999,-9999,-9999,-9999,-9999,-9999,-9999,-9999,-9999,-9999,-9999,-9999,-9999,-9999,-9999,-9999,-9999,-9999,-9999,-9999,-9999,-9999,-9999,-9999
End_UTC, Seconds after midnight, ending time of acquisition
Mid_UTC, Seconds after midnight, middle time of acquisition
HH_UTC, Hours after midnight, the middle time of acquisition (Mid_UTC) formatted in the HH:MM:SS way
MM_UTC, Minutes after HH_UTC, the middle time of acquisition (Mid_UTC) formatted in the HH:MM:SS way
SS_UTC, Seconds after MM_UTC, the middle time of acquisition (Mid_UTC) formatted in the HH:MM:SS way
3 degrees,none,-P12/P11
4 degrees,none,-P12/P11
5 degrees,none,-P12/P11
6 degrees,none,-P12/P11
7 degrees,none,-P12/P11
8 degrees,none,-P12/P11
9 degrees,none,-P12/P11
10 degrees,none,-P12/P11
11 degrees,none,-P12/P11
12 degrees,none,-P12/P11
13 degrees,none,-P12/P11
14 degrees,none,-P12/P11
15 degrees,none,-P12/P11
16 degrees,none,-P12/P11
17 degrees,none,-P12/P11
18 degrees,none,-P12/P11
19 degrees,none,-P12/P11
20 degrees,none,-P12/P11
21 degrees,none,-P12/P11
22 degrees,none,-P12/P11
23 degrees,none,-P12/P11
24 degrees,none,-P12/P11
25 degrees,none,-P12/P11
26 degrees,none,-P12/P11
27 degrees,none,-P12/P11
28 degrees,none,-P12/P11
29 degrees,none,-P12/P11
30 degrees,none,-P12/P11
31 degrees,none,-P12/P11
32 degrees,none,-P12/P11
33 degrees,none,-P12/P11
34 degrees,none,-P12/P11
35 degrees,none,-P12/P11
36 degrees,none,-P12/P11
37 degrees,none,-P12/P11
38 degrees,none,-P12/P11
39 degrees,none,-P12/P11
40 degrees,none,-P12/P11
41 degrees,none,-P12/P11
42 degrees,none,-P12/P11
43 degrees,none,-P12/P11
44 degrees,none,-P12/P11
45 degrees,none,-P12/P11
46 degrees,none,-P12/P11
47 degrees,none,-P12/P11
48 degrees,none,-P12/P11
[...]
[from data line 91]
70089,70097,70093,19,28,13,-0.039791,0.29379,-0.16885,0.30529,0.02838,-0.91797,0.49661,0.48674,-0.079428,-0.36025,0.07708,1.2197,0.56585,-0.47928,1.3353,1.187,1.8375,0.47918,-0.26278,-0.60183,-0.80167,0.16469,-0.68376,-1.6445,-1.1483,-0.17564,-0.3481,-1.1454,-0.87153,-0.6898,0.28314,-2.6227,-9999,16.151,11.027,6.6923,-1.9873,0.45951,0.29597,0.40103,-1.4357,3.1809,0.59929,-0.41742,-4.4788,-0.18436,-0.21393,0.76682,-0.057658,0.43271,0.11819,-0.30954,-1.2989,0.16792,-7.4006,-0.55925,0.77037,1.8643,-0.31489,3.1076,-0.17193,0.72434,-0.58858,0.50657,0.17344,3.8194,0.67881,0.10978,0.72368,-0.64462,1.1025,0.096266,0.92321,0.023863,0.44669,1.5177,0.26193,1.4861,1.1242,2.6951,0.073469,1.1884,0.67557,0.6252,0.8445,-0.046498,1.1044,1.5858,0.63578,-0.47721,-0.05572,0.85601,1.1455,0.80205,1.0796,0.79548,1.7479,1.3074,0.94464,0.64101,1.9393,0.77459,0.80394,20.181,-4.22,-0.3847,0.3778,0.73939,1.1122,0.87546,0.81023,0.72541,0.55566,0.67531,0.26922,0.91828,6.6046,0.63273,1.5285,11.997,1.1339,0.20863,0.19896,0.52418,0.64161,0.16695,0.28274,0.22933,-0.13577,-0.24401,0.26407,0.57876,0.35174,-1.3178,-0.78651,-0.18249,0.33441,-0.18941,-0.28421,-0.39577,0.25792,-0.0127,0.29267,0.77169,0.37607,0.81065,-2.2136,-2.0761,0.010534,0.26261,0.049546,0.58168,-0.052993,0.17118,-0.16207,0.39859,0.0226,-1.7725,0.24877,1.4935,0.40881,0.28406,-0.77612,0.15233,1.3083,2.0864,0.74681,0.13384,3.0073,0.071976,-0.41568,3.2184,0.05326,0.28898
70126,70134,70130,19,28,50,-0.10819,0.043609,0.36274,-0.24286,0.80888,-1.0211,-0.67448,-0.76003,0.71653,0.74781,0.80427,1.297,0.38236,0.29359,-0.41801,0.97231,0.34559,-1.4051,-1.6572,0.95135,1.0845,0.21814,0.37132,1.2439,-0.46226,0.62957,-0.46522,1.6569,2.4203,6.925,4.6616,3.6011,-9999,101.91,3.8149,-1.411,-5.2939,3.6418,-0.51321,-1.8027,-1.203,-1.0987,-1.3517,2.5712,-4.1591,0.52853,2.1261,-0.12223,-8.3891,-0.13843,1.0179,-2.2735,2.3451,0.64722,0.70111,0.109,-0.35391,2.1511,0.010943,-0.42099,0.48625,0.34075,-1.2048,0.66329,0.51794,1.123,0.38134,-0.16217,0.24643,1.0493,9.0195,7.7383,0.49712,0.65987,1.0493,-1.0341,0.77393,0.49838,0.88754,-1.1019,0.88937,0.81179,0.055745,1.567,1.4068,-0.16084,1.2319,0.62693,0.84418,-9999,0.71887,0.45917,1.2108,1.7864,-3.4835,-0.36538,0.74073,0.69394,7.1475,0.0076728,0.15493,0.64007,0.53225,0.20989,0.5005,-1.6867,0.55294,-1.734,0.93564,2.3968,-4.6427,1.23,0.56348,-0.014379,5.6712,0.76721,0.13955,0.091836,0.6096,-9999,0.40686,5.2472,0.28787,0.40506,0.75656,1.9106,-0.8134,4.9504,0.040376,-0.27783,1.5024,-0.22443,0.14172,2.0658,-0.40067,0.53319,0.4734,1.1965,-0.55506,0.67884,-0.21963,0.048681,0.033204,0.5379,0.033504,-1.8839,0.27123,0.68765,0.38141,-0.94274,1.0145,-0.64355,2.0714,0.12767,0.03361,39.348,1.1021,-1.0778,-2.2436,0.3068,-0.7108,-0.33662,-0.059463,0.46484,-4.5214,0.61683,-0.13325,-0.24845,-0.1687,0.71848,2.4079,-0.18111,-1.0296,-0.30202
70163,70171,70167,19,29,27,0.25576,0.090095,0.36006,0.38546,0.7914,-0.17353,0.77833,0.49812,0.79169,0.37462,1.371,0.92706,0.6496,0.17883,0.8583,0.88024,0.98167,1.91,0.77739,1.0918,1.8374,1.1536,-0.19367,-2.0559,0.77872,1.3018,1.1405,3.1754,-0.1001,4.6241,7.0529,2.977,13.452,59.24,-9999,-9999,-6.7066,-7.1162,-1.0225,2.3977,-2.1966,-2.8271,-4.8464,-1.5776,-1.3349,-1.5157,-0.9348,-0.05989,-0.9529,-1.0447,-0.55153,-0.44183,-0.92182,-2.4107,-0.53395,-1.9408,-0.12892,-0.10485,0.019402,-0.60746,-3.0017,-1.9649,-1.1661,-0.71904,-0.24026,0.16854,-1.43,-0.11865,-0.39543,-1.5668,0.081553,0.50627,0.87346,0.92261,3.8807,-1.1034,-0.055891,0.18699,0.8135,3.1164,1.1793,0.29851,0.61059,0.96704,-0.64955,0.96961,0.0045405,0.75296,1.3416,0.8293,0.95289,0.76323,0.95221,0.43581,0.90512,0.24699,8.3281,1.2193,0.68613,0.65693,1.229,0.66781,0.26375,0.92323,0.69851,0.96944,0.52121,0.71109,0.22079,0.56271,1.4258,0.41645,-9999,0.61741,3.0579,1.4167,0.83408,0.87181,0.4817,0.69344,0.37639,0.6212,0.55931,-0.65316,0.12497,0.38168,4.3543,1.8432,10.008,-0.3065,0.62561,-3.0577,0.1045,1.9121,-0.98569,0.3436,0.48366,-0.68474,1.286,1.0612,0.094764,-0.028354,-0.053158,-1.4897,-0.48802,2.1644,-0.18306,-2.8975,0.37129,-0.64133,-0.40058,0.49896,0.0052592,-0.37391,0.060713,0.35866,0.029226,0.069869,-0.23786,2.103,-0.21828,-0.24054,0.67969,0.77363,0.28985,1.8568,-1.082,-2.0027,-0.19469,0.17503,1.0942,0.34448,0.43992,0.26685
70201,70209,70205,19,30,5,-0.37751,-0.4895,-0.64339,-0.21555,0.17265,-0.43911,-0.577,-0.43004,-1.1855,-0.27771,-0.67313,0.21426,0.4068,0.064683,0.018786,-0.88943,-0.38893,-1.2189,-1.7174,-1.6029,-1.318,-0.6923,0.5342,-1.0813,0.56573,-0.69441,-1.6072,-1.3391,0.11926,-0.84325,0.73367,0.94357,-9999,-9999,14.946,3.5168,-1.9201,-0.54726,-0.99844,-5.0938,0.29852,-0.69211,-2.7644,-2.121,-1.8309,-0.9313,-1.1579,-0.64462,2.8064,-0.84396,1.2977,114.79,0.18837,0.95384,-0.47883,-2.8537,0.45089,0.53123,-0.521,-0.4401,-2.3359,4.5784,-0.30841,-0.076768,-0.12968,0.38989,-0.6256,0.36937,-6.0677,-0.60512,0.054585,7.2104,0.87767,0.87071,-0.018683,1.4199,8.519,0.098512,0.74697,0.73345,1.84,6.4443,1.4854,2.6211,1.537,0.68492,0.4672,1.4165,0.81687,-2.9185,0.13398,-0.0050417,1.4779,0.29184,-0.14366,-0.18799,1.0554,0.8859,1.1435,-0.47497,-0.32504,14.295,0.46512,1.7904,-8.8275,-0.25316,0.7742,0.6106,-6.5742,-0.25932,0.55305,1.5773,0.47311,0.052641,0.35417,0.016599,1.0718,1.0071,0.052991,3.9511,0.21818,2.1561,0.27781,0.52602,0.41129,-0.79725,0.074944,0.098047,-0.73393,0.53757,5.8038,0.11311,0.3103,0.17873,0.066912,0.10506,-0.45945,0.4731,0.16942,0.63192,0.35886,-0.13753,0.097209,-0.095644,8.0364,-0.27196,0.12646,-0.038153,0.30141,1.6738,0.27434,-0.80084,-0.029434,-0.45601,0.18574,2.5479,-0.021335,1.6601,0.62961,0.035041,-0.79629,-0.67463,0.41615,0.2162,-0.13919,-0.12658,-0.51338,-2.0761,0.21509,0.73755,1.4222,0.32945,0.01052,0.13284
70239,70247,70243,19,30,43,-0.28269,0.0080861,-0.13174,-1.2482,0.18539,-0.79377,0.41081,-0.39195,-0.2491,0.010135,-1.178,0.0052037,0.051023,0.81776,-0.59885,0.30646,-0.46724,0.25666,-0.074731,-0.18943,-0.60733,-1.2128,-2.148,-1.8194,-0.6571,-0.95111,-1.4324,0.80303,0.6855,-0.53741,0.20311,-3.6797,3.5083,-9999,37.118,10.888,3.9891,2.8886,2.5698,2.456,1.1024,0.90578,1.3796,1.246,0.52549,-0.88583,-0.19619,-0.56887,-0.70316,0.49751,-0.43668,-0.6521,0.49308,-0.64487,0.56139,0.31099,0.71772,1.4388,1.169,-0.19431,-1.6341,1.5063,2.2957,17.734,2.4197,-0.61242,-0.40485,0.26922,-0.41856,-0.65522,-0.75641,-0.42294,0.2384,0.61161,0.42259,1.4768,1.3624,-0.51572,0.1371,2.1312,0.90563,0.96693,0.67965,-7.3844,-6.7805,1.2672,1.2487,4.1301,0.87509,0.79612,2.0163,-0.58599,1.0419,0.04078,0.80947,0.45275,0.33279,1.1382,0.32783,1.1297,0.89313,1.4934,4.8717,1.4766,1.7138,1.508,1.2055,0.78437,0.11154,0.29358,0.74,0.90568,-2.8551,1.1845,-0.039589,0.7629,-0.66322,0.46732,0.44945,-0.83626,0.40141,0.46072,0.63617,0.25448,-1.2702,0.49772,-0.43368,-0.28452,0.79917,1.0375,-0.057966,-0.12264,0.24827,-0.035682,1.2469,0.41299,0.3119,0.51851,0.21304,1.2633,0.25523,-2.3738,2.5278,-1.5121,0.35375,0.73418,0.661,-0.26665,-0.95919,39.051,-0.57372,0.055174,0.85773,0.10132,-0.21048,0.24372,-1.1851,1.7745,0.92971,0.52588,-0.23094,0.19758,-0.3393,1.4238,0.15262,0.65509,0.42909,0.31953,0.6176,0.63398,0.78164,0.61367,1.1612,0.054806
70276,70284,70280,19,31,20,0.17779,0.54994,-0.13422,-0.027399,0.33529,0.24015,0.14334,-0.045675,0.17043,0.38624,0.39358,-0.34254,0.3378,0.69734,0.016292,0.6363,0.57271,1.069,0.035065,0.025714,-0.077066,0.2651,0.60447,0.72485,0.030382,-0.11047,0.098867,-0.14733,-0.50287,2.8712,6.9999,10.22,16.42,10.016,-9999,-5.8815,-4.8195,-1.7231,-1.3189,-1.6306,-0.33712,0.018448,1.3501,-0.14787,0.4754,1.6662,1.3418,0.79417,-0.28808,-0.45679,-0.12255,0.40494,0.68435,-0.2535,0.29177,0.16584,0.34232,-0.05309,0.55452,0.32975,0.0062522,-0.10092,-0.4808,-1.24,-0.51127,0.44031,0.33816,0.24901,0.11749,0.14645,0.42177,0.068732,0.69918,0.99561,0.35082,0.84043,14.541,0.98687,0.6757,0.73387,1.2516,0.78635,1.4292,0.7142,-9999,0.38553,0.83062,0.82006,0.050798,0.13352,-0.22343,-0.96619,0.94928,0.79269,1.8581,2.5409,0.71739,0.43295,1.1759,0.5148,0.2925,0.45188,0.57368,0.026359,0.54259,-1.5155,0.90307,-0.28027,0.49827,0.47638,0.95784,0.6081,0.7303,0.60394,0.64129,0.91574,1.0321,0.58669,0.82051,-2.4168,-0.23239,0.35241,-2.4569,0.49983,0.079628,0.16906,-0.94167,0.40914,0.57621,0.2583,4.2721,0.24463,-4.2483,0.61877,0.13988,0.52323,-1.5307,4.2612,-0.093609,-0.092513,0.44488,-0.20399,0.94721,-0.83418,7.0785,5.6455,0.44623,-0.63615,15.972,-0.086083,0.17744,0.043127,0.33539,0.13233,0.21982,0.03633,0.82719,0.3588,0.12896,0.7109,-1.8501,-0.36153,-0.090895,-0.9466,-0.53195,1.0001,1.3955,-0.45788,-0.6945,-0.31662,0.39436,0.43224,-1.7676,-0.040195
70314,70322,70318,19,31,58,0.15597,0.025901,0.25984,0.5855,0.19156,0.34931,0.4781,0.37239,0.29799,-0.060382,0.97606,-0.41624,1.5211,0.41318,0.24142,-0.8641,-0.015034,-0.18984,0.42423,0.44257,0.23974,1.4007,1.2466,2.4991,1.0739,2.1527,1.6723,0.23033,-0.053563,-2.7663,-2.9691,-4.4807,-1.4213,-9999,-8.9459,-7.3974,-2.3317,-1.723,-0.79801,-3.6017,-6.0051,-1.3031,-3.1479,-0.9557,-1.1893,-1.379,-0.63628,-0.017139,-1.1654,0.58251,-3.7965,0.38123,0.95311,0.091847,0.050655,0.12791,44.258,1.8776,-2.0162,3.8722e-05,-0.22363,-0.058052,0.57619,-0.99617,1.6718,0.23401,4.239,-0.3983,0.061495,-0.50208,0.44942,-0.027144,0.57351,0.82085,0.20379,-0.5613,-0.12412,1.5542,1.2684,1.3706,1.2586,1.0883,1.0716,6.0214,-0.39469,1.5343,0.67571,0.36775,-2.2318,0.98658,0.98082,1.2305,0.66973,1.0334,0.82718,0.37653,41.818,0.74568,1.5346,0.93725,0.59236,0.0478,0.88354,1.2381,0.61445,-2.7001,0.61176,-0.09838,0.75357,0.90859,0.56724,0.088374,0.24913,1.4134,0.52348,0.9327,0.54748,0.94785,0.45479,-5.0747,0.29209,0.12789,-0.75205,0.037584,0.49638,0.50584,0.43625,0.30651,1.3819,0.45599,-0.33004,0.29343,0.47325,0.22881,-0.62352,-0.0020712,0.63164,0.47101,0.4487,1.5946,0.12536,0.014538,2.0401,2.1133,0.15955,0.38702,0.36333,-0.28216,0.60312,-0.22116,0.52611,-5.3726,-0.13084,0.4336,-0.18907,-0.51399,0.7307,0.73897,-0.39339,0.096657,-2.9227,3.6285,-0.16687,-0.47313,1.351,0.8744,0.38292,-0.15523,-0.34488,0.056268,-1.7365,0.21428,0.85122,-0.016042
70352,70360,70356,19,32,36,0.35931,-0.13689,0.74434,-0.86086,0.54372,0.21681,0.47849,0.39675,0.20952,1.4929,1.5659,1.0376,1.5213,0.16154,-0.27666,0.19093,0.97264,1.1372,1.3556,1.4635,2.1195,3.1286,2.7634,2.8222,4.2168,4.6369,6.4818,12.632,4.7184,5.7213,5.5111,-1.0942,-9999,100.41,-8.0161,-9999,-9999,-3.6103,1.7349,0.30033,-0.92707,-2.9696,-2.7945,-9999,1.3314,-4.9792,-3.7594,-2.3872,-2.1155,-3.1028,-0.80315,-1.044,-0.88049,-1.0536,-0.3128,-2.2714,-4.8036,-0.24345,-1.2785,-2.3002,13.935,1.0062,-0.2446,0.56641,1.1623,-1.2741,0.27498,-0.30215,0.1878,-0.44571,0.075855,0.55915,-0.097742,-0.063829,0.42406,-8.1279,0.7931,-2.7644,0.97826,0.2938,0.72673,0.85369,2.0295,-0.19314,0.50546,0.598,0.21054,-0.45664,1.6828,2.0544,0.41007,0.88092,0.79146,1.2233,1.0009,2.0185,-5.1651,1.2904,-0.22635,0.84164,0.60821,-0.097414,1.1153,0.85053,0.53993,-2.0717,0.18588,102.76,0.62597,0.71817,0.82565,1.1918,1.9262,-0.4424,0.16114,0.20951,-0.087525,0.34597,0.78464,-3.2328e-05,-1.7212,0.28154,0.11976,-0.35829,0.77944,0.49307,0.27906,3.2496,0.018452,0.12587,1.2354,3.4291,-0.25341,-0.12018,0.19736,0.99719,0.33948,0.48081,0.33883,-0.50975,2.1433,2.4164,2.3993,0.19907,0.073981,1.4271,1.0336,-0.029882,-0.30874,0.24376,0.30915,-3.9064,0.62798,0.33314,-1.7658,1.6129,1.0638,-0.39405,-2.2201,0.64012,1.5447,0.42937,0.26223,-0.20286,-0.13541,-0.60848,-0.36294,-0.35002,0.74528,1.6946,-0.24176,0.13522,1.2982,0.066498
70389,70397,70393,19,33,13,1.0985,4.6247,0.46557,0.26966,0.35485,0.47403,0.61754,-0.088314,0.89287,-1.7587,0.37033,2.56,0.95247,1.9362,2.0955,1.4892,2.6135,3.1857,1.263,0.30163,-0.17002,-0.12388,-0.41732,-9999,0.83028,-0.74053,-0.18826,-4.22,-3.4241,-2.4622,2.1768,-3.23,47.707,-9999,526.76,-9999,-3.8723,-0.92685,-9999,-3.394,18.449,-0.17481,2.6922,10.888,0.8514,-1.4235,-0.6437,-1.8448,-2.7221,-7.9155,0.94153,-1.1032,-1.1249,0.50935,0.36318,0.30837,-0.78033,3.5955,-0.42835,-0.037816,0.16264,-0.67987,1.2501,0.35864,0.18087,0.44462,1.0487,3.3792,0.77641,-0.051278,-0.17706,-0.68108,-0.63721,0.77834,0.27496,0.20263,2.5478,-6.376,0.59213,0.94388,0.79062,0.55504,0.82889,0.43674,0.13303,2.7473,4.0793,0.43609,2.684,-0.95471,0.81196,0.96856,0.34804,3.1828,0.63118,0.3294,0.32552,2.086,0.43853,0.50419,0.3718,0.59165,0.64232,6.6058,-0.74621,9.2571,0.27349,0.50452,-0.39447,1.0091,0.58672,0.69694,0.58016,-0.69762,0.14473,-0.56086,0.4788,0.55797,0.87577,-1.6405,0.21784,0.12209,4.5138,0.86032,-0.45396,-0.79129,0.51139,0.80444,-0.75724,0.78297,2.0784,1.0754,1.1916,0.56534,-0.80501,-0.58873,0.14619,0.2831,-0.077967,0.011403,-0.66187,0.21973,0.22038,0.59381,0.29699,-0.93059,0.50718,0.47096,-0.22552,11.803,0.19888,-1.6844,0.84565,5.0414,0.27155,0.72172,0.32286,0.24955,0.43848,10.585,0.47591,-0.66224,-0.89096,1.7008,0.25526,0.0097959,-0.75291,-1.0739,0.088492,0.32421,0.10929,0.80993,0.77605,0.39586
70426,70434,70430,19,33,50,0.02616,0.19616,-0.46702,0.66455,0.88289,0.64983,-0.16035,0.18033,0.54962,1.3338,-1.06,-1.05,1.7291,-0.31056,1.8659,1.4349,0.26669,-0.41807,0.21928,0.97331,-0.56266,-2.2254,-0.95812,-1.6873,-4.5217,1.0001,4.4686,3.105,-9999,-0.49624,14.362,-5.0863,15.111,216.15,-5.4946,-7.7855,-9.0883,-1.3488,-0.44633,3.9746,-9999,-4.0879,0.9091,0.53764,-7.2983,-0.57294,4.2135,0.98557,-0.8376,-0.036151,-1.9822,-1.4608,2.5468,-0.93556,0.028496,-1.0447,1.4461,1.5635,-0.095571,0.61308,1.6001,3.5911,0.023877,3.2252,8.3802,-0.82435,0.4724,4.7951,6.6066,0.63922,4.0092,4.0335,1.1242,0.35908,2.497,-9.1009,0.1646,0.94724,1.6277,0.9964,-0.39823,1.1886,-2.3032,0.29703,-0.2864,1.222,-0.033777,1.1222,0.84009,-0.25644,-1.5401,-1.4557,0.93829,5.8803,0.68765,-0.61814,1.2955,2.0374,0.85192,2.0058,0.32075,1.7607,0.87966,0.68426,-3.0901,-0.039441,-0.25798,1.188,0.44746,0.00873,0.70868,0.49293,0.5444,4.7014,0.65555,0.62195,1.4248,0.30924,0.12333,0.52128,1.0734,1.486,0.40978,2.5419,-4.5555,3.2228,-0.082158,-1.3368,0.59122,0.071182,-1.6482,-1.699,-1.4445,0.23662,-2.2567,0.61159,0.39621,0.0032451,0.0099032,0.55027,0.34306,-0.32865,-0.33576,1.1428,2.3408,0.22429,0.5623,3.8321,10.131,0.43278,0.83436,0.56052,0.44862,0.22484,2.9207,0.22201,0.36672,-0.38626,-9999,-2.0053,-1.2607,-0.60539,0.11894,0.59681,0.2709,1.3769,-0.40283,3.6289,-0.055723,0.36877,0.22506,0.75999,3.2202,0.37522
