t01/p12.ict
218, 1001
Martins, J. Vanderlei 
University of Maryland, Baltimore County
PI-Neph, Polarized Imaging Nephelometer, aerosol -P12/P11 measurements. The linear scattering coefficient measurements and P11 are in other files.
DEVOTE
1,1
2011,09,19,2012,05,05
0
Start_UTC, seconds after midnight, time of acquisition
179
1,1,1,1,1,1,1,1,1,1,1,1,1,1,1,1,1,1,1,1,1,1,1,1,1,1,1,1,1,1,1,1,1,1,1,1,1,1,1,1,1,1,1,1,1,1,1,1,1,1,1,1,1,1,1,1,1,1,1,1,1,1,1,1,1,1,1,1,1,1,1,1,1,1,1,1,1,1,1,1,1,1,1,1,1,1,1,1,1,1,1,1,1,1,1,1,1,1,1,1,1,1,1,1,1,1,1,1,1,1,1,1,1,1,1,1,1,1,1,1,1,1,1,1,1,1,1,1,1,1,1,1,1,1,1,1,1,1,1,1,1,1,1,1,1,1,1,1,1,1,1,1,1,1,1,1,1,1,1,1,1,1,1,1,1,1,1,1,1,1,1,1,1,1,1,1,1,1,1
-9999,-9999,-9999,-9999,-9999,-9999,-9999,-9999,-9999,-9999,-9999,-9999,-9999,-9999,-9999,-9999,-9999,-9999,-9999,-9999,-9999,-9999,-9999,-9999,-9999,-9999,-9999,-9999,-9999,-9999,-9999,-9999,-9999,-9999,-9999,-9999,-9999,-9999,-9999,-9999,-9999,-9999,-9999,-9999,-9999,-9999,-9999,-9999,-9999,-9999,-9999,-9999,-9999,-9999,-9999,-9999,-9999,-9999,-9999,-9999,-9999,-9999,-9999,-9999,-9999,-9999,-9999,-9999,-9999,-9999,-9999,-9999,-9999,-9999,-9999,-9999,-9999,-9999,-9999,-9999,-9999,-9999,-9999,-9999,-9999,-9999,-9999,-9999,-9999,-9999,-9999,-9999,-9999,-9999,-9999,-9999,-9999,-9999,-9999,-9999,-9999,-9999,-9999,-9999,-9999,-9999,-9999,-9999,-9999,-9999,-9999,-9999,-9999,-9999,-9999,-9999,-9999,-9999,-9999,-9999,-9999,-9999,-9999,-9999,-9999,-9999,-9999,-9999,-9999,-9999,-9999,-9999,-9999,-9999,-9999,-9999,-9999,-9999,-9999,-9999,-9999,-9999,-9999,-9999,-9999,-9999,-9999,-9999,-9999,-9999,-9999,-9999,-9999,-9999,-9999,-9999,-9999,-9999,-9999,-9999,-9999,-9999,-9999,-9999,-9999,-9999,-9999,-9999,-9999,-9999,-9999,-9999,-9999,-9999,-9999,-9999,-9999,-9999,-9999
End_UTC, Seconds after midnight, ending time of acquisition
Mid_UTC, Seconds after midnight, middle time of acquisition
HH_UTC, Hours after midnight, the middle time of acquisition (Mid_UTC) formatted in the HH:MM:SS way
MM_UTC, Minutes after HH_UTC, the middle time of acquisition (Mid_UTC) formatted in the HH:MM:SS way
SS_UTC, Seconds after MM_UTC, the middle time of acquisition (Mid_UTC) formatted in the HH:MM:SS way
3 degrees,none,-P12/P11
4 degrees,none,-P12/P11
5 degrees,none,-P12/P11
6 degrees,none,-P12/P11
7 degrees,none,-P12/P11
8 degrees,none,-P12/P11
9 degrees,none,-P12/P11
10 degrees,none,-P12/P11
11 degrees,none,-P12/P11
12 degrees,none,-P12/P11
13 degrees,none,-P12/P11
14 degrees,none,-P12/P11
15 degrees,none,-P12/P11
16 degrees,none,-P12/P11
17 degrees,none,-P12/P11
18 degrees,none,-P12/P11
19 degrees,none,-P12/P11
20 degrees,none,-P12/P11
21 degrees,none,-P12/P11
22 degrees,none,-P12/P11
23 degrees,none,-P12/P11
24 degrees,none,-P12/P11
25 degrees,none,-P12/P11
26 degrees,none,-P12/P11
27 degrees,none,-P12/P11
28 degrees,none,-P12/P11
29 degrees,none,-P12/P11
30 degrees,none,-P12/P11
31 degrees,none,-P12/P11
32 degrees,none,-P12/P11
33 degrees,none,-P12/P11
34 degrees,none,-P12/P11
35 degrees,none,-P12/P11
36 degrees,none,-P12/P11
37 degrees,none,-P12/P11
38 degrees,none,-P12/P11
39 degrees,none,-P12/P11
40 degrees,none,-P12/P11
41 degrees,none,-P12/P11
42 degrees,none,-P12/P11
43 degrees,none,-P12/P11
44 degrees,none,-P12/P11
45 degrees,none,-P12/P11
46 degrees,none,-P12/P11
47 degrees,none,-P12/P11
48 degrees,none,-P12/P11
[...]
[from data line 34]
67945,67953,67949,18,52,29,-0.08745,-0.49834,-0.33492,0.32647,0.66759,0.016694,-0.1503,-0.14229,0.34399,-0.42341,-0.77551,-0.17069,-0.51336,-0.60522,-0.75578,-0.244,-0.68534,-0.73152,-0.46522,-0.24403,1.3317,0.22194,0.5074,0.97221,0.57201,1.2366,1.0167,1.4389,1.6624,2.4896,1.8577,1.1447,-2.2289,12.352,-9999,-8.2665,-1.9755,-0.42126,-1.2845,-0.50669,-1.1908,-0.66654,-0.61172,-0.43061,-0.17332,0.15227,0.19914,-0.2945,0.19179,-0.18441,0.14567,0.35125,0.82781,0.73522,0.42863,0.38015,0.43971,0.29579,0.1651,0.16768,0.42034,0.4397,0.82761,0.56697,0.49592,0.30154,0.36872,0.45135,0.11201,0.7094,0.31731,0.68829,1.0365,0.67133,1.7894,0.61492,0.64546,1.4766,0.75815,1.0052,0.58778,0.679,0.61273,0.44707,-0.62422,0.51751,0.69802,0.59542,0.97193,1.2976,1.7108,0.7208,1.3771,0.55852,0.69504,0.23448,0.33795,-0.054909,0.47327,0.75279,0.83923,0.044532,0.98508,0.86262,0.42035,0.50559,0.85257,0.54015,-7.481,0.63568,0.21661,0.35728,0.46336,0.35748,0.28516,0.1683,0.38733,0.2059,0.10815,0.19216,0.37953,-9999,1.8794,0.42929,0.042806,0.11088,2.5068,0.66192,0.10877,1.3319,0.2932,0.20533,-0.10856,0.083076,-0.33101,2.5281,0.7959,-7.912,0.25807,0.18681,-0.12389,0.13096,-0.071491,-0.051898,-0.83599,0.37048,-0.17401,-3.0033,0.918,-2.3005,-0.23891,-0.40592,8.412,0.95368,-0.53841,0.18053,-0.048122,1.2553,0.75118,1.0476,-0.59714,-1.0519,-0.37259,-1.266,-1.3028,0.34947,-0.75922,-0.43364,0.24324,0.22825,0.83569,0.93435,2.0909,0.69511
67983,67991,67987,18,53,7,-0.36319,0.18106,-0.092167,-0.26144,-0.033817,0.53684,0.28317,0.28738,-0.20876,0.5682,0.36483,-0.072972,0.11535,-0.27846,0.081727,0.028613,0.97906,0.24766,0.77748,1.1502,0.54421,0.80535,0.5039,1.2399,1.2174,1.4593,1.0668,2.1773,3.0926,4.7351,2.5997,1.4823,6.585,18.473,-8.211,-5.8548,-4.6568,-3.6881,-1.8131,-1.5032,-0.44205,-0.83501,-0.75734,-0.11424,-0.018545,-0.57764,-0.54764,-0.71884,-0.61993,-0.42346,-0.1922,-0.37853,-0.00025451,-0.55286,-0.19821,-0.58536,-0.55429,-0.3332,-0.58463,-0.32353,-0.46569,-0.296,-0.25867,-0.39103,-0.49678,0.13792,0.31914,0.31836,0.18922,0.80248,0.23283,0.16101,0.59915,0.79736,9.5563,0.65591,0.66758,1.3915,0.70319,0.76046,0.95389,0.77449,2.9257,0.73119,0.45919,3.4765,0.56127,0.90909,1.0145,1.313,0.8817,-0.90505,1.5062,1.599,0.84074,0.7302,0.69723,0.44645,0.54548,0.23244,0.86212,0.36234,-4.7329,1.6929,0.27661,-0.18844,0.36873,2.343,0.23679,0.48812,0.45057,0.81396,3.4442,0.78935,0.91575,1.2164,0.25132,0.80776,0.97357,0.054283,0.15508,-0.018617,0.55357,5.9634,0.89557,0.17007,0.19929,0.78288,0.12636,0.12949,0.41976,0.16421,0.34406,-0.4377,3.3583,0.6044,-2.478,0.037275,0.32523,0.36274,-0.70528,0.18071,-0.14514,0.54905,-4.174,-0.22277,-2.2877,-0.39442,-0.36579,0.0017551,-0.47427,-0.24728,-0.079039,-0.649,1.0946,-2.7657,-0.27279,0.0046596,-3.2077,0.3527,0.85304,-0.4935,-0.00013471,4.0472,-3.5254,-0.45403,-0.40829,-0.50486,-5.9541,0.26029,0.38902,0.53284,-0.27444,0.48322
68020,68028,68024,18,53,44,0.481,0.21843,1.0216,0.46255,0.69085,1.1606,0.65807,0.70153,1.0774,1.3169,1.077,0.82995,1.0568,1.3616,1.205,1.0242,1.4642,1.7626,2.1563,1.6822,1.7764,2.0898,2.7077,3.274,3.2158,4.1564,4.4342,4.8445,5.595,5.7936,9.7593,14.898,28.49,-9999,-9999,-9999,-5.8953,-5.4976,-3.1185,-2.2685,-2.8397,-3.1085,-1.9098,-0.76219,-1.8737,-1.1842,-0.8102,-0.82006,-0.30247,0.0040862,0.10857,0.37042,-0.2433,-0.25052,0.30929,0.57949,1.405,1.1397,0.75791,-0.26529,-0.38806,-1.4835,-0.35873,0.040581,0.47841,-0.083613,-0.65762,0.48215,0.11807,0.33884,-1.014,-0.31618,1.2962,0.65443,0.32445,0.13518,0.21541,1.379,0.69375,-2.3597,1.1607,0.89884,0.40281,0.81468,0.46331,0.44717,7.4387,0.61186,0.3621,5.0113,0.84207,-1.5341,-0.49861,-0.43181,1.2413,0.72863,0.19041,0.83995,0.6455,0.98322,0.3566,-0.19348,0.14679,0.90391,0.63575,0.58783,0.44826,1.3303,0.341,0.96747,1.0452,0.27121,0.2452,0.55816,0.97025,1.6238,1.1846,0.32394,0.4723,0.55987,0.3032,0.11263,-3.9971,7.1155,0.60439,-0.80863,0.019158,-2.9229,-0.22208,-0.37683,-1.1814,30.49,-0.29958,0.30876,-0.13005,285.81,0.49436,0.058074,0.24087,0.4631,-0.52977,-0.24578,-0.45177,-9999,-0.75411,1.5489,0.64374,0.35121,6.4153,0.064599,1.8451,0.202,0.37629,0.96429,0.32462,-0.36306,-3.0838,0.16038,0.090118,0.92712,0.28143,-9999,0.43232,0.29376,0.75655,0.5896,-2.0181,0.18426,0.16655,0.20844,4.2457,6.964,-0.18858,-0.19311
68058,68066,68062,18,54,22,0.65493,1.3285,0.21728,-0.30678,-0.097114,-0.021436,0.13263,-1.1796,-0.90669,-0.71809,-1.6187,0.19602,-0.42378,0.3725,1.0665,1.5792,1.3666,0.75835,1.6762,2.5455,2.7247,3.2702,1.6921,0.29614,2.5979,4.6814,4.3092,0.85778,1.1496,-9.5559,0.28606,13.484,-9999,132.32,11.087,-4.572,-0.11108,9.4964,7.7474,5.4976,-0.18338,-0.5251,-0.58959,0.7178,-0.47747,18.379,1.1047,0.19669,-9999,-0.40048,0.50707,-4.379,0.34163,0.11755,-0.78611,0.067442,0.24246,0.12197,-1.0309,-8.7554,-0.61615,-0.58148,4.9052,-1.5822,0.43146,-0.13387,-2.8628,0.39962,0.94476,0.18239,1.264,0.47141,1.2665,0.74191,-0.3445,0.26893,3.6458,1.4976,-0.26848,0.97702,1.6834,1.2987,0.54333,0.83279,0.10977,0.68488,1.0285,0.67668,-1.2038,1.2159,0.39973,13.84,1.1464,-0.074348,-0.38799,0.70793,0.2425,0.85796,1.3482,2.7303,-5.5374,1.0337,0.54649,0.99335,-0.60907,16.359,0.93727,0.14137,-0.98257,0.39979,0.75531,6.6972,1.5531,0.023014,0.214,0.31769,0.25838,-0.31783,0.19677,0.50765,0.29781,1.9482,0.86728,0.30331,0.45156,-1.8102,1.6965,0.88456,1.7768,0.10927,0.13509,-0.084752,1.243,1.9784,-0.1967,0.18484,-2.1799,-0.76542,0.53609,0.57406,1.4614,-0.43083,-0.54629,-0.13066,-0.15635,-0.041036,0.091125,-0.21895,0.044169,-8.5364,-2.5097,0.46453,-0.14125,0.29348,0.085442,1.3634,0.38861,1.8813,-0.16652,-0.92067,-3.6131,-1.1525,0.94306,-0.78425,1.7642,-0.083141,22.224,1.7315,-0.72105,-2.165,16.545,-9999,-9999,0.36082
68096,68104,68100,18,54,60,-0.11481,0.13332,0.061706,-0.23199,0.66021,0.83495,0.45821,0.39504,0.70698,0.8527,-0.15281,-0.49381,0.93409,0.98147,1.4082,0.66828,1.0621,0.38116,0.57714,1.2821,1.7755,0.83385,0.28702,-1.0298,-1.7575,-0.69171,0.79792,1.8721,4.8944,5.3985,7.6966,12.603,31.485,-9999,-9999,-4.2535,-2.4889,-6.9281,-1.2714,-4.5432,-1.2099,-2.5716,-3.3807,-2.1597,-1.9277,-0.89746,-1.4854,-0.85479,-1.3897,-0.80971,-1.0399,-0.55294,-0.85059,0.033361,-0.52707,-0.84399,0.056068,-0.87451,8.7945,-0.47983,0.87972,-0.39466,-0.15928,0.16123,-0.021278,1.3432,-3.007,-0.13347,1.8132,-4.2063,-0.9557,-1.3376,0.36445,2.0741,3.0533,1.0053,0.82462,3.3253,1.3516,0.94358,1.6251,0.61531,1.002,2.1979,0.47995,0.51271,3.8266,0.60224,0.86476,-0.40486,-4.3442,1.5181,0.56436,2.2298,1.9096,0.89617,1.3919,0.065466,0.87872,0.46061,0.45163,1.5852,0.029803,1.2392,0.44152,4.7234,-0.32952,0.7204,0.60651,0.99715,0.49251,-1.3771,0.14867,1.7899,0.45603,0.57033,1.6802,1.9711,0.92235,0.2743,-4.9932,2.7164,-0.53575,-0.59268,0.34565,-0.5151,0.30442,-3.1587,-9999,1.0896,-0.074795,0.60248,-0.10116,9.1431,0.29833,0.82189,-9999,0.016705,-1.1163,3.7285,2.0438,1.6229,0.30959,0.28782,1.439,9.4483,-2.3576,0.58204,0.017629,-5.0012,-0.58999,0.12822,0.78545,-0.85292,0.80147,225.23,-9999,-0.1605,-0.28392,0.86546,0.12417,-0.39557,0.11978,-0.40745,0.035826,2.1031,-0.85018,-0.28778,-0.81056,-0.27963,-0.53295,-0.82592,-0.48138,-0.13724
68133,68141,68137,18,55,37,0.8757,-0.35551,-1.0041,0.064129,-0.33066,-0.24708,0.42005,0.20774,0.15751,0.44482,-0.052975,0.40615,-0.46427,-0.11565,0.64333,1.2916,-0.37457,-0.54146,-1.7037,-0.47209,0.6795,0.94139,1.3795,1.6494,0.58487,-0.025741,-3.5212,1.7509,-9999,2.475,-1.3007,2.3702,19.821,-9999,-1.6149,-7.2183,4.0762,1.0824,-0.11809,1.774,13.409,-8.5227,-6.788,-9999,1.0387,-1.7533,-9999,-2.3414,-1.9781,-1.0749,-2.2067,-0.092616,-1.2939,-2.2195,-1.4314,-1.3322,-1.1162,0.10054,-0.36693,5.3453,1.3525,-1.5034,-0.37417,-0.33987,0.53697,0.5034,-0.1333,1.5558,1.2343,-1.1902,0.63239,-1.7574,1.0009,0.64433,-0.24259,0.076537,1.0308,-0.35552,1.4755,2.3582,0.69483,0.99595,1.106,0.39252,0.62843,0.68496,0.75463,-1.0781,2.7288,0.79252,0.8652,0.56612,0.40092,0.17716,0.92836,0.80586,0.34963,0.5452,0.59087,0.079258,0.47623,1.3483,0.3081,-2.8478,0.62712,0.12405,1.0562,0.41504,0.82429,0.92652,0.34125,0.64696,1.4954,-0.11119,0.099952,0.3124,11.119,-0.060408,4.7525,0.82156,0.13621,0.56401,-0.35741,-1.8754,-1.2769,-0.9665,-9999,-1.3199,-5.129,0.60704,-0.43718,-0.86838,0.51041,-2.862,0.16114,-0.24418,0.041183,-1.6711,33.257,-9999,1.1934,3.8923,0.80265,1.3182,0.65939,-0.71364,-1.7739,-0.6825,0.049289,1.538,0.23679,-0.64746,-0.23487,-4.3357,0.24685,0.35055,-1.3169,-0.0199,-0.30851,-0.11901,-0.20256,-0.39425,-0.0086545,-0.5142,-0.16833,0.020094,0.069004,-9999,-0.51105,-0.66396,-0.24885,-0.71705,0.65765,-0.54233
68171,68179,68175,18,56,15,0.57153,3.5738,0.30469,1.9084,0.53485,-0.68297,0.56922,1.346,1.9,511.36,10.316,2.1692,3.9418,-0.35907,1.9234,2.7171,-1.1449,1.2675,-0.096846,-2.2966,45.548,3.151,0.53098,7.5968,4.3524,4.6575,26.59,0.8276,1.8194,15.105,5.9363,46.974,137.6,139.58,-9999,-9999,-9999,-9999,-9999,-7.3112,-3.2985,-9999,0.2603,0.65291,-6.2055,-4.1942,-2.8146,0.12141,-1.6339,-0.68419,-8.6405,-0.88889,-1.7466,-2.7142,-1.1588,-0.20371,-4.3186,0.39964,-3.8045,-0.018311,2.6096,46.725,-0.050835,0.95644,-0.90193,1.1003,0.91761,1.7899,0.37091,-0.15194,1.3288,0.29007,-0.3514,-0.47603,0.64739,-0.60093,-9999,0.13802,0.67096,0.47474,0.61598,-0.59723,16.824,0.55918,0.31365,-4.47,0.54294,0.69707,0.25187,-9999,1.1046,0.39921,-1.4161,2.6249,0.42756,1.6292,0.48204,2.8803,0.60479,0.54678,0.86575,0.51539,0.42073,0.43228,0.49352,0.16029,3.225,1.4555,-6.422,0.7316,0.16563,1.4659,0.3496,-1.044,0.3998,0.75436,0.026829,-0.055936,-0.070802,0.22863,0.30534,0.70932,4.2336,0.93952,-0.4422,0.28961,2.0229,0.12481,0.75927,-0.24571,-2.0583,4.1485,4.8344,-0.19102,0.11125,11.689,0.86966,2.3008,-1.6627,0.29097,-2.0048,-0.16426,-9999,0.56893,-0.16883,-0.0051415,-0.46865,3.0263,0.035255,0.96849,0.14326,10.213,0.61235,0.8759,0.96802,-0.87244,2.5659,0.050525,0.046775,0.42383,0.43405,7.5538,-0.20871,-0.15642,0.26473,-2.2466,-5.947,0.71921,0.21998,0.3399,0.62045,2.7416,-2.063,0.35324
68209,68217,68213,18,56,53,-0.23278,-0.38661,-1.959,-9999,0.2054,-0.16175,2.0281,0.46521,0.15067,-0.70379,0.16258,-9999,-2.0182,0.3015,-0.014649,1.2052,5.574,-0.20311,1.9957,-1.0806,2.4137,-3.5486,-0.51941,0.56701,3.6661,0.26927,5.1951,-2.521,-1.1317,-7.2638,9.121,20.175,18.457,-9999,14.444,1.2018,-9.6454,-0.5366,-1.8568,3.7413,-2.506,3.0362,131,-1.769,-9999,1.1278,3.7111,-9.3947,0.43559,-2.368,-5.7124,-0.022754,-0.35296,-2.1272,-1.2328,1.0918,3.881,0.63046,5.8916,29.828,0.17258,0.64122,0.37008,-6.8238,-0.67106,0.38366,1.6042,0.81295,-0.72626,0.68998,1.634,1.7533,0.40321,-0.35086,0.22052,0.71418,-0.57959,354.65,0.68541,7.0776,0.55377,0.9699,1.9703,-0.69871,-0.56602,0.96158,0.83499,-0.3903,1.122,0.44988,8.8332,0.20708,0.79511,0.11667,0.80197,0.93376,1.2939,0.26651,-0.94421,-0.12262,9.2542,0.54205,0.48338,-6.4146,0.59132,0.67336,0.72285,0.53859,-0.035061,-1.0779,0.27384,-0.266,0.55732,2.4415,0.21212,0.40905,1.1626,0.79949,-9.4457,-0.20252,-0.044365,1.5638,0.96184,0.63298,0.66312,-0.95023,0.42521,0.50733,-0.81684,-0.22102,-0.71225,-0.91016,1.2066,-2.2423,0.15305,-0.25309,1.4305,3.0178,0.13405,-0.58461,0.92774,-0.034246,0.054948,-2.7711,0.11965,0.34255,-0.093315,-0.53148,0.87051,2.2714,0.40045,-0.33188,-9999,-0.42689,-0.38207,1.2133,-0.18014,0.30576,-1.2893,0.51323,-3.4018,6.0096,0.16071,-0.21051,0.17983,-1.0305,-0.12508,0.044674,-0.56275,0.28862,-9999,5.2179,-0.61166,-0.05463
68246,68254,68250,18,57,30,-0.65939,-0.066052,-0.12146,-0.28575,-9999,1.176,3.6851,-0.83619,1.6606,-0.33586,2.342,4.8187,-0.66251,-4.7708,2.5125,-1.8465,0.18475,-3.007,0.78322,0.5736,5.4153,2.0821,-1.55,2.2994,-1.8494,-9999,-0.36323,12.749,2.4633,1.5502,-2.8411,-9999,-9999,-9999,-9999,12.532,-9999,-3.4894,8.0246,4.3062,2.034,-4.8517,5.7029,-0.36657,-1.7938,3.6215,6.8799,-0.5363,-2.3636,-0.053611,0.45071,93.466,-6.6825,0.0381,0.002216,14.148,0.26466,0.9619,-0.84499,-1.9964,0.20183,1.1294,1.1809,0.3417,0.47663,0.20457,0.00049207,1.3789,0.33984,0.52287,0.28434,0.701,1.0441,0.27024,0.22787,0.27925,-9999,0.0096312,2.7035,0.28352,1.4255,0.42475,0.93546,0.61438,1.0017,1.9015,-0.076832,-3.4258,1.8747,-0.30102,0.31285,1.4288,0.69541,0.88729,-0.37494,0.71042,0.33346,-2.2142,0.50258,1.4417,-0.89817,0.91978,0.41103,1.428,0.65436,0.020382,0.77077,0.55289,1.5365,0.022768,0.62443,0.89048,-0.36934,1.574,-2.2311,-1.3369,0.54262,1.6116,1.3188,0.08289,-1.3779,0.86074,0.019377,-0.03378,0.40345,-9999,0.61966,0.084898,3.3506,-0.08528,8.0547,0.35503,0.67344,-0.48332,0.9207,-5.91,3.3596,0.71324,-0.20286,8.5662,-0.72928,1.3296,1.786,0.021372,-0.044085,1.0072,0.21569,0.11825,0.61034,0.26978,-0.40418,-1.0415,0.19511,-9999,0.14225,-0.12005,-0.20707,-0.18362,1.1734,-0.72515,0.11925,-0.5258,-0.23398,-9999,-1.458,0.5224,-2.2981,3.4066,-0.36988,-2.0528,0.5956,-0.012582,-0.45093,19.669
68284,68292,68288,18,58,8,-0.52504,-0.19285,0.39472,-0.72285,0.15139,-9999,-0.064585,-0.41907,8.2392,-0.053335,-4.9786,0.77051,-7.2711,-2.0373,10.681,-0.6347,-6.4695,-1.8846,0.64726,-3.7327,-9999,0.0026299,-0.46947,4.5823,-0.24493,0.24893,2.5131,-1.9382,-3.6467,-1.1677,16.934,-9999,71.353,-9999,6.292,52.503,12.736,-3.2556,-7.3857,-4.2039,-6.2759,45.414,-2.17,-4.2567,2.8274,1.5543,36.319,1.6417,-9999,1.562,-0.25172,-5.017,-2.6378,0.38769,0.23951,0.19539,23.567,15.452,-1.1455,3.6249,-0.48898,9.8459,0.63954,-5.5,-0.49261,0.45339,0.82899,-1.4319,-1.6461,2.4685,-6.5754,2.1793,1.8104,-6.4806,0.45067,0.45874,-0.0503,-1.0854,0.59203,1.4787,0.79336,3.0301,-9999,-4.7504,1.3128,0.62878,-8.831,0.95455,1.4788,1.1584,0.54022,0.82033,0.99548,0.8975,0.91928,1.1328,0.099441,0.71533,0.1046,-1.0817,0.78128,-0.13867,1.2796,0.16036,0.51486,0.35638,1.2305,0.69909,1.7124,-1.3856,0.48617,0.18886,0.66497,0.59119,1.89,0.1483,-3.3213,3.443,0.77195,-0.25415,-0.024916,0.065532,-1.1282,0.78997,-0.26009,-0.57706,-0.045025,4.6751,0.076088,0.45449,0.18742,0.091702,1.6601,0.18185,-0.11788,0.1285,-1.5023,-0.88776,-0.66841,-0.33765,9.3741,0.054784,0.84641,-1.0803,-0.41911,-2.2875,-0.61627,-0.21403,5.3652,-1.8506,-0.069288,-0.82462,0.35361,-5.2741,-0.07377,0.14913,76.193,0.48611,-0.10593,-0.50003,-0.46087,-0.30216,4.9751,-0.67972,-0.31238,-0.34074,1.0682,-2.4356,1.856,2.8676,-0.41365,-0.66696,-0.15368,-1.3142
68322,68330,68326,18,58,46,-0.027521,2.05,1.8517,-0.52498,-1.2349,-9999,-0.82897,0.84187,-0.89911,-2.5938,-0.38135,-0.31594,0.859,-2.8185,-1.1332,-9999,-1.7682,-9999,2.8081,-3.4255,1.283,1.5383,14.27,2.0127,28.224,-9999,0.81306,-1.4641,0.61516,-2.8292,7.2286,-6.2503,-9999,-9999,-9999,-5.3431,24.405,-9999,-9999,0.37601,10.016,-3.793,7.4028,-3.0216,0.9315,-1.836,-1.6968,-6.2819,6.4415,-4.4665,-1.1648,1.7832,-1.3189,7.9153,-4.0917,-0.066592,0.10499,0.35917,-9999,0.05137,1.5928,0.48886,1.98,-1.4512,0.35772,0.84659,-0.72942,0.3984,-0.036573,4.6951,0.001742,-0.038243,0.45729,-0.20133,1.542,0.26625,0.86883,0.16345,-0.33233,0.6356,0.9341,0.60637,-0.49133,0.65341,1.3598,0.63674,0.45985,0.051407,0.879,0.033966,0.49366,0.24818,2.4079,0.84011,4.1326,0.041057,0.82365,1.6434,0.48648,1.3456,0.10406,0.23181,0.7865,2.4843,2.401,-0.40135,0.58995,0.81241,3.1139,-0.41181,-0.12515,0.44439,0.51216,0.10015,0.47788,-0.55934,0.96674,1.4585,0.057924,0.32896,1.2851,0.43785,0.079811,0.26476,-0.010952,-0.51847,0.33812,0.16679,0.35494,1.4305,0.38111,2.3279,-0.10455,-0.62042,0.01645,1.9033,-0.37901,-0.39919,0.24337,0.46946,-0.12522,0.018019,-0.45603,-0.45282,1.5959,-0.9283,0.0019006,0.19702,-0.15502,0.30457,0.11558,0.25869,0.53138,-0.19456,-0.023356,-1.9808,-0.97426,0.057957,0.22423,3.704,-1.0637,57.957,0.71677,0.29618,0.23783,-1.7086,-1.1962,-0.37492,-0.81017,-0.38451,-0.28483,0.27852,-0.35809,0.32611
