t01/p12.ict
218, 1001
Martins, J. Vanderlei 
University of Maryland, Baltimore County
PI-Neph, Polarized Imaging Nephelometer, aerosol -P12/P11 measurements. The linear scattering coefficient measurements and P11 are in other files.
DEVOTE
1,1
2011,09,19,2012,05,05
0
Start_UTC, seconds after midnight, time of acquisition
179
1,1,1,1,1,1,1,1,1,1,1,1,1,1,1,1,1,1,1,1,1,1,1,1,1,1,1,1,1,1,1,1,1,1,1,1,1,1,1,1,1,1,1,1,1,1,1,1,1,1,1,1,1,1,1,1,1,1,1,1,1,1,1,1,1,1,1,1,1,1,1,1,1,1,1,1,1,1,1,1,1,1,1,1,1,1,1,1,1,1,1,1,1,1,1,1,1,1,1,1,1,1,1,1,1,1,1,1,1,1,1,1,1,1,1,1,1,1,1,1,1,1,1,1,1,1,1,1,1,1,1,1,1,1,1,1,1,1,1,1,1,1,1,1,1,1,1,1,1,1,1,1,1,1,1,1,1,1,1,1,1,1,1,1,1,1,1,1,1,1,1,1,1,1,1,1,1,1,1
-9999,-9999,-9999,-9999,-9999,-9999,-9999,-9999,-9999,-9999,-9999,-9999,-9999,-9999,-9999,-9999,-9999,-9999,-9999,-9999,-9999,-9999,-9999,-9999,-9999,-9999,-9999,-9999,-9999,-9999,-9999,-9999,-9999,-9999,-9999,-9999,-9999,-9999,-9999,-9999,-9999,-9999,-9999,-9999,-9999,-9999,-9999,-9999,-9999,-9999,-9999,-9999,-9999,-9999,-9999,-9999,-9999,-9999,-9999,-9999,-9999,-9999,-9999,-9999,-9999,-9999,-9999,-9999,-9999,-9999,-9999,-9999,-9999,-9999,-9999,-9999,-9999,-9999,-9999,-9999,-9999,-9999,-9999,-9999,-9999,-9999,-9999,-9999,-9999,-9999,-9999,-9999,-9999,-9999,-9999,-9999,-9999,-9999,-9999,-9999,-9999,-9999,-9999,-9999,-9999,-9999,-9999,-9999,-9999,-9999,-9999,-9999,-9999,-9999,-9999,-9999,-9999,-9999,-9999,-9999,-9999,-9999,-9999,-9999,-9999,-9999,-9999,-9999,-9999,-9999,-9999,-9999,-9999,-9999,-9999,-9999,-9999,-9999,-9999,-9999,-9999,-9999,-9999,-9999,-9999,-9999,-9999,-9999,-9999,-9999,-9999,-9999,-9999,-9999,-9999,-9999,-9999,-9999,-9999,-9999,-9999,-9999,-9999,-9999,-9999,-9999,-9999,-9999,-9999,-9999,-9999,-9999,-9999,-9999,-9999,-9999,-9999,-9999,-9999
End_UTC, Seconds after midnight, ending time of acquisition
Mid_UTC, Seconds after midnight, middle time of acquisition
HH_UTC, Hours after midnight, the middle time of acquisition (Mid_UTC) formatted in the HH:MM:SS way
MM_UTC, Minutes after HH_UTC, the middle time of acquisition (Mid_UTC) formatted in the HH:MM:SS way
SS_UTC, Seconds after MM_UTC, the middle time of acquisition (Mid_UTC) formatted in the HH:MM:SS way
3 degrees,none,-P12/P11
4 degrees,none,-P12/P11
5 degrees,none,-P12/P11
6 degrees,none,-P12/P11
7 degrees,none,-P12/P11
8 degrees,none,-P12/P11
9 degrees,none,-P12/P11
10 degrees,none,-P12/P11
11 degrees,none,-P12/P11
12 degrees,none,-P12/P11
13 degrees,none,-P12/P11
14 degrees,none,-P12/P11
15 degrees,none,-P12/P11
16 degrees,none,-P12/P11
17 degrees,none,-P12/P11
18 degrees,none,-P12/P11
19 degrees,none,-P12/P11
20 degrees,none,-P12/P11
21 degrees,none,-P12/P11
22 degrees,none,-P12/P11
23 degrees,none,-P12/P11
24 degrees,none,-P12/P11
25 degrees,none,-P12/P11
26 degrees,none,-P12/P11
27 degrees,none,-P12/P11
28 degrees,none,-P12/P11
29 degrees,none,-P12/P11
30 degrees,none,-P12/P11
31 degrees,none,-P12/P11
32 degrees,none,-P12/P11
33 degrees,none,-P12/P11
34 degrees,none,-P12/P11
35 degrees,none,-P12/P11
36 degrees,none,-P12/P11
37 degrees,none,-P12/P11
38 degrees,none,-P12/P11
39 degrees,none,-P12/P11
40 degrees,none,-P12/P11
41 degrees,none,-P12/P11
42 degrees,none,-P12/P11
43 degrees,none,-P12/P11
44 degrees,none,-P12/P11
45 degrees,none,-P12/P11
46 degrees,none,-P12/P11
47 degrees,none,-P12/P11
48 degrees,none,-P12/P11
[...]
[from data line 113]
70914,70922,70918,19,41,58,0.65416,0.75763,0.70584,0.82126,0.8167,0.64401,0.75744,0.69867,0.89796,0.96098,1.3418,1.1078,0.85655,1.0719,1.2528,1.2682,1.3149,1.6567,1.9143,1.9269,2.0851,2.2626,2.281,2.4011,2.503,2.6741,3.2164,4.1634,5.2489,6.6777,9.0371,13.798,26.788,11.136,-9999,-9999,-9.5762,-7.1772,-5.7421,-4.9068,-4.4027,-3.9456,-3.5822,-3.313,-3.0606,-2.825,-2.5387,-2.3384,-2.0863,-2.0409,-1.9573,-1.8283,-1.7298,-1.6392,-1.5596,-1.4359,-1.4041,-1.2931,-1.2194,-1.2035,-1.0941,-1.0041,-1.0567,-0.90364,-0.84188,-0.80088,-0.74205,-0.72546,-0.60582,-0.66695,-0.53573,-0.54532,0.51403,0.87148,-0.084107,-0.31242,-0.1628,-0.04511,0.99189,0.93096,0.98161,0.98263,1.0581,-0.082928,-0.11891,0.18674,0.31861,0.66401,0.81958,0.013807,0.21765,0.67698,0.89421,0.017069,0.70234,-0.0248,-0.033344,0.62425,-0.35038,0.52415,-0.20258,-0.10526,0.83705,0.79399,0.74548,0.75296,0.70683,0.64501,0.61408,0.64919,0.62694,0.64703,0.61611,0.5601,0.58516,0.60815,0.62136,0.63254,0.63562,0.63593,0.62012,0.59983,0.54034,0.51491,0.53126,0.54944,0.49852,0.39313,0.4689,0.46685,0.44806,0.38476,0.43457,0.30933,0.32324,0.20669,0.19914,0.02931,0.11676,0.071369,0.063862,0.18675,0.10948,0.083142,-0.094544,0.024742,0.028703,0.18355,0.075657,0.016231,-0.08107,0.0083905,-0.10007,0.03556,-0.11551,-0.048181,-0.24819,-0.074684,-0.068897,-0.045114,0.027494,0.10432,0.075345,0.1872,0.063169,0.067182,0.38321,0.24256,0.32697,0.52246,0.54149,0.61934,0.66576,0.58274
70952,70960,70956,19,42,36,0.58171,0.52816,0.99109,0.24969,0.73878,0.46919,1.0984,0.26577,0.10575,0.772,0.68214,1.3092,1.6151,1.6943,0.25841,1.5709,1.3424,1.1142,1.1741,1.3328,1.253,2.6593,1.7446,3.538,2.4195,3.1858,4.4971,5.3145,7.9661,8.874,13.279,22.272,28.105,39.21,-9999,-5.1706,-1.8906,-9999,-2.8161,-2.9772,-2.0354,-3.7307,-1.9308,-0.40335,-1.7919,-0.86972,-0.084765,-2.035,-1.2873,-1.0688,-1.2297,-1.9296,-0.86317,-1.5874,-0.69186,-0.56579,-0.3296,-0.7288,-0.99594,7.354,-0.60289,-0.74503,-0.2329,-1.2108,-0.26789,-0.55766,-0.18415,0.13303,-1.0103,-0.62283,-9999,-0.17154,0.30055,0.72051,-9999,0.37214,0.85522,4.9669,1.035,0.91715,0.79659,1.7465,0.94081,-0.71627,17.494,0.49245,0.36131,1.1033,-9999,4.2002,1.1149,2.9114,1.0816,0.9214,0.7281,1.2712,1.6133,0.63306,0.71265,1.1262,0.11609,1.2992,0.070978,0.239,0.42166,1.0836,0.6188,0.58285,0.23317,0.28825,0.60322,0.44738,0.75335,0.49781,0.60693,0.56321,1.074,0.48792,1.0437,-0.52307,0.864,1.6672,0.47837,0.58395,1.9485,0.53582,0.40601,-0.50783,0.20194,0.85493,-0.42546,1.0947,1.2227,-1.8011,-0.044327,0.31077,0.35305,0.94501,0.15034,1.2845,0.59178,-0.024643,1.1181,0.59577,0.50916,0.53504,0.34847,-0.51076,0.25992,0.41848,0.013257,0.89792,-0.37249,0.093103,0.33461,-0.56214,0.10844,0.097284,0.33339,0.30946,0.15632,0.34185,0.20753,-0.31011,-1.5601,1.0816,4.8403,0.42211,-0.32488,2.6706,0.51137,0.19727,0.69324,0.4716
70990,70998,70994,19,43,14,0.17825,0.0093882,0.46552,0.45405,0.20513,-0.04986,0.23308,0.18696,1.0834,1.3798,-0.4631,2.3198,0.65653,-1.118,-0.40864,-0.86402,-0.15319,-0.92404,-0.99526,0.97281,0.43293,1.7887,2.2623,1.3414,0.7396,1.4565,2.5574,0.38639,1.0399,-0.10927,-9999,0.13983,-9999,66.367,2.0693,-9999,-4.2507,-1.0153,-2.2141,-3.5852,-1.4632,-1.9657,0.44503,-2.9617,0.64403,0.80068,1.1516,43.594,3.1388,-0.31111,0.73487,-0.43599,0.51739,6.2975,-0.099508,0.44424,-0.039848,3.0118,-9999,0.70436,-1.7126,2.4341,0.23638,1.1642,-0.22978,0.030966,0.4266,1.9402,1.1229,-7.8451,0.49193,0.35478,0.93621,1.2116,-1.6989,-2.6993,-0.35266,1.0027,0.86001,1.1801,0.94118,0.70176,0.36034,0.13101,1.6064,1.2495,1.0344,1.2897,0.88424,0.6743,0.9709,-9999,1.0308,0.73828,0.68831,0.96742,-0.3933,0.68245,-0.51663,0.34696,2.8621,0.57716,1.4643,0.93977,-0.11422,2.3632,1.4075,0.40919,1.4792,0.65308,0.5078,1.2281,0.35892,0.56926,1.0409,1.165,0.49286,0.33678,0.29234,-0.19121,0.028582,0.50551,0.36795,0.74941,0.56795,0.48923,0.1823,-1.7237,0.32616,0.74166,2.6056,81.93,0.72016,0.36143,-1.6379,0.064766,0.27741,0.074173,-0.46459,0.53063,0.36004,0.34485,0.59239,-0.10361,-1.8558,0.62159,0.76549,0.13865,0.36469,0.20101,0.089107,-0.090943,-0.29955,0.46143,0.40471,0.099222,0.022873,-0.45409,0.12262,0.54657,12.839,1.5598,-2.1128,1.4766,-0.31005,0.24842,-0.070721,-0.78865,0.60239,0.84773,0.17171,0.91227,-0.20629,0.1352
71028,71036,71032,19,43,52,-0.43277,0.084515,-0.044159,0.069486,0.38209,0.80439,0.98052,0.51082,0.0082949,0.24555,0.47042,-0.019321,0.30834,0.53501,0.29629,1.8492,0.88507,0.60303,0.5345,2.8379,1.6656,2.0066,0.86574,0.76691,1.2663,0.72311,3.2331,3.1356,2.9259,7.9285,2.1844,3.5189,25.985,448.43,-9999,-4.2164,-2.2968,-2.149,-1.4899,2.8061,3.8442,-1.387,0.31116,1.0615,1.1206,-0.93883,-1.4167,1.9316,-0.96559,-0.50902,-0.068665,-0.077074,-9999,1.8655,-0.93142,0.15135,1.6793,-4.1029,-0.15835,0.46044,-0.085041,-0.60187,1.6424,-0.1622,-0.11254,-1.0942,-0.11984,0.87583,-0.17059,-1.746,0.36038,1.3734,0.81492,2.3268,0.95778,0.70709,0.84496,-0.38921,0.7535,0.6615,1.6511,0.94495,1.6707,0.83286,1.0795,-0.42695,0.5105,0.81661,0.86359,2.25,1.651,-0.11468,0.25685,0.25031,0.60145,0.58351,1.6164,2.2089,0.59556,0.96094,-0.061817,1.7896,0.66935,0.77782,0.71855,0.56554,0.51126,0.52733,0.83591,1.5456,0.47029,0.84727,0.84133,1.1923,1.5577,0.46672,-0.35575,-0.011373,0.85823,0.84962,-1.182,0.41621,0.1967,0.7883,0.82936,0.75873,-0.084767,0.27032,-0.31193,-3.355,0.92389,0.22789,-0.50812,0.38895,0.15042,0.30048,-0.35758,1.4992,0.37331,1.4489,-2.8857,6.1293,0.34706,1.8617,0.84756,-0.24317,0.39107,0.45921,0.9932,1.24,4.6213,0.3145,-0.13629,0.3951,0.39336,-8.8245,0.55341,-0.68944,0.23682,1.906,0.21089,0.31717,0.65612,0.15563,1.895,1.2758,-0.24369,-0.31182,-0.05344,0.36971,0.78666,0.43001,-0.015673,0.37023
71065,71073,71069,19,44,29,0.06814,0.76215,-0.02118,0.4656,0.32414,-0.23332,0.21833,0.53528,-0.14906,0.92575,0.29475,0.47719,1.7865,0.8592,0.64099,0.12761,-1.1864,-1.0778,-0.85771,0.93092,-0.38445,-1.1701,-2.1045,0.48991,-0.432,-0.98988,2.8722,-0.34875,0.61981,-0.78467,-0.86946,5.1339,-9999,-9999,-9999,5.9076,-7.7454,-5.7034,-4.807,1.9101,-2.0664,-2.199,-0.70136,-2.0745,-4.4061,0.25296,-9999,0.22766,-0.055543,-1.2614,0.52615,-0.36618,-5.5156,-0.069662,-0.50352,0.5719,-1.2279,0.76155,2.7631,-1.3001,-0.11833,0.71735,0.56374,2.0964,3.4138,-0.53822,1.3103,-0.062503,1.014,0.039854,0.26826,1.4086,2.1853,1.045,0.61507,2.4903,-0.013559,3.6258,0.9089,0.70772,0.99765,0.80399,0.68374,0.95643,0.55371,0.91804,0.86568,2.1758,0.9245,0.58317,0.7613,0.7638,1.0166,-0.27828,0.89161,0.91866,0.86986,0.75997,1.4227,-2.7055,0.44406,3.0288,1.1,0.28238,1.0768,-0.13991,0.7758,0.83068,0.67522,0.13503,0.3596,0.93181,0.56606,0.8288,-0.13935,0.76656,0.42137,3.291,0.55959,0.50626,-0.44613,1.0082,1.0505,96.477,-0.30922,0.53713,-0.53125,4.1162,0.96274,4.5001,0.20396,0.34956,2.1934,4.6362,-4.5368,0.30448,0.4898,0.9092,-0.53672,0.22589,0.22511,-0.10433,-0.054238,-0.57814,19.831,0.37414,0.48117,-0.75816,0.26838,0.76047,0.42031,0.49072,-1.7701,-0.038788,0.018859,0.066144,0.19369,-0.0080177,-1.5712,-0.96829,-7.2971,39.228,2.2411,2.2762,-0.095761,1.3036,0.07935,0.14273,-0.33215,0.39044,0.47615,0.060419,0.10596,0.23987
71103,71111,71107,19,45,7,0.28066,0.64705,0.16555,1.0616,-0.048057,0.019815,0.37076,-0.0054447,0.21351,0.73886,3.4644,-0.48415,0.61664,1.4776,0.26402,-0.2509,0.29591,0.30617,0.15313,1.8673,0.53062,2.3292,0.17319,1.7296,0.56794,99.29,3.3221,3.0845,5.0815,4.8092,4.8022,7.3099,-1.163,95.194,-4.4066,-3.8231,-1.8902,0.0072501,-3.7748,-6.5254,-1.7277,0.3237,1.3857,-0.15652,1.243,6.4632,-1.7369,0.055326,0.50048,-0.5693,0.41604,-2.2686,-0.58552,-0.15107,0.4695,-0.47888,0.25721,0.27896,-0.053812,0.38538,-0.062193,0.59341,0.10491,0.41917,0.78862,3.2715,0.1898,0.050878,0.60703,0.26484,0.41046,-0.11035,-0.27618,-9999,-0.7399,0.665,2.5908,-1.4207,0.72005,0.6839,0.6101,0.80682,1.0976,0.92508,-0.19675,0.63203,0.69526,2.4729,1.0896,0.35268,0.75882,0.88074,1.084,-9999,0.85541,-0.64182,-0.52336,0.23044,1.4104,1.4009,-0.2018,0.0089167,0.98755,0.62756,0.35506,0.40071,0.3686,0.041445,0.62963,0.88882,1.1017,0.12897,-0.68055,1.0117,0.61161,0.66291,0.39169,0.30048,0.35438,1.1593,0.69243,-5.7962,0.42662,0.89874,0.64694,1.0385,0.60015,1.8223,-0.037118,-7.6664,0.45505,0.33274,0.32203,-0.0038319,1.1368,0.78538,0.52896,-4.4576,-0.44581,0.18981,0.27005,-2.8241,0.32612,-1.807,0.19035,-6.1672,0.65332,0.19008,-0.73281,-0.66643,0.65001,0.16169,0.048946,0.46989,0.87719,1.3629,0.034021,-0.17506,0.23945,0.1025,0.42239,0.03774,5.5393,0.8331,-0.028478,0.11958,0.041172,-0.13607,-1.0623,-0.07729,1.9444,0.1513,0.48842,0.26694
71141,71149,71145,19,45,45,0.68478,0.12719,0.46683,-0.46881,-0.13797,0.14782,-0.20142,0.32364,0.18542,0.053124,0.050477,-0.16206,0.28645,-0.38706,1.2929,0.48309,0.079354,0.33293,0.26092,-0.63833,0.53873,0.34112,0.30961,0.76944,1.3839,1.5921,1.9791,-1.4541,-0.28821,2.5002,7.5971,1.6162,9.1821,56.741,-9999,-9.6428,-9.7306,-5.9555,-1.469,-3.2228,-2.4449,-2.22,-1.3747,-1.3576,-2.8977,-0.14691,-2.1108,-0.59702,-0.59743,-0.11501,-0.80563,-7.9452,-1.2199,-2.3764,3.1383,-1.7015,-9999,0.77933,-0.15569,-1.1104,-0.18816,0.49225,0.1898,-0.41191,-0.2168,0.72024,-3.6295,0.92007,0.8926,0.95359,1.0139,-1.2964,1.0136,0.4005,-8.7692,-0.93486,1.0784,-1.5838,0.79417,0.13998,0.89452,-0.022338,0.021286,0.39764,1.3798,-0.09401,-2.6987,1.4717,-6.7504,0.29105,0.6738,0.87073,6.9633,0.9447,0.65426,-9999,0.90832,0.62031,0.55648,0.22629,0.77687,2.0013,0.65711,-0.39266,0.42264,0.82449,0.81236,0.55192,0.77188,0.75531,0.43939,-0.74215,0.23337,0.51445,0.55927,1.0865,0.75973,-0.0073567,0.059237,0.87261,6.6003,-0.023655,1.2925,8.0959,1.5692,0.28616,0.93916,2.6473,0.33412,0.2398,0.51798,0.14129,-0.11838,-2.6972,0.13394,0.28673,0.13148,-4.4662,1.0335,2.2531,-0.16947,0.0099111,0.22005,-0.80041,6.2167,-0.43534,-1.5013,0.079046,-0.020436,0.5256,-0.087232,6.6922,0.86892,0.063935,-0.095024,-0.046161,0.1034,8.9922,0.38035,0.21527,0.68374,0.16981,0.57061,0.034698,-1.3488,-2.2039,-0.11362,-0.23964,-0.087006,1.1465,0.70005,0.077249,0.0024399,0.27076
71179,71187,71183,19,46,23,0.13792,0.50831,0.29273,0.70349,0.24556,-0.60007,-0.41108,-0.097192,0.95858,0.70894,0.74983,-0.78504,-0.4952,-1.616,-0.80828,-0.87788,-0.50144,-1.1436,0.63524,0.26705,1.5813,1.431,1.8755,0.28436,0.87235,1.0993,2.8811,1.8165,9.5098,4.1318,9.1659,12.137,29.98,787.9,-9999,-9999,-6.0892,-3.2848,-2.0113,-0.87999,-0.84893,-0.50446,0.51007,-0.6783,-0.18499,-1.8461,-0.82096,-0.64403,-0.45219,-0.34479,0.077055,-0.59092,0.64379,-0.22742,-0.48659,-0.6507,-0.59791,-0.7705,-0.29665,-0.21155,-0.35899,0.29758,-0.10735,-0.3842,2.3439,-0.33675,-0.65508,0.23421,0.13758,0.95623,-0.70833,0.046911,-0.25145,0.69804,1.3048,0.011483,1.3491,0.51653,0.40374,1.067,0.57062,0.84744,0.081029,-4.9502,0.09705,0.44241,2.2418,-9999,3.0906,0.91703,0.17221,0.74599,0.63401,0.77566,1.3885,0.60992,-5.4346,0.57319,-0.11645,2.4162,533.08,0.27899,2.5805,0.4655,0.50954,0.73434,1.0041,-0.6673,-0.033278,1.1038,1.9608,0.030676,0.09141,0.28022,0.235,0.61822,-0.17976,0.90106,-0.96411,0.12137,1.4595,2.5406,0.43567,1.7051,2.419,0.60046,-2.7965,-0.027137,0.95721,0.56779,-0.067988,-0.29747,-9.1965,-1.6366,1.4718,0.040476,0.025591,1.5114,0.48496,0.22536,0.09064,0.4147,0.41098,0.20105,9.1777,-0.044997,1.1581,1.2656,0.45797,-0.12994,-0.072432,-0.41839,-3.0218,0.049362,0.14295,0.43317,0.46398,-0.45609,0.7555,-0.17876,0.30426,-0.023171,-0.32209,0.30364,-2.3045,0.37788,-0.025492,0.2328,0.10431,-0.47167,0.92455,0.21754,0.45645,0.34382
71216,71224,71220,19,47,0,-0.76043,-0.14097,0.51322,-0.080848,0.39963,-0.37123,0.60184,0.18327,0.89572,0.6452,-0.47,-1.2005,-0.57237,1.2475,1.0001,-0.18837,-0.46293,0.31319,1.3562,1.8189,0.59299,0.42967,0.2442,0.26396,0.8834,2.3592,2.8423,-1.3152,1.8211,-0.042044,-9999,-9999,-9999,9.324,-9999,-7.7315,-4.0493,-6.4883,-6.2117,-2.463,0.21757,-2.77,1.2353,0.1393,-0.44161,-4.4851,0.70504,-0.14462,0.62647,-1.5991,4.6459,-1.2297,0.34418,-2.6802,-0.1476,-0.40795,-1.8486,-0.13169,-0.29736,-0.093371,-9.7473,0.2216,1.6572,1.1007,0.44354,3.7361,0.50556,0.017264,0.057981,0.87773,1.0285,0.49767,1.9405,0.48289,3.7711,1.8356,0.6023,1.1758,0.69968,0.38885,-1.7097,-0.047142,0.04096,-0.22779,2.5877,-0.56761,-2.8161,0.86069,6.848,-0.33209,0.78665,0.84867,1.3649,-0.13046,0.18601,0.24194,-0.15167,0.71904,0.23575,0.73876,2.2446,0.34927,1.0281,0.39676,1.0361,0.76831,-0.29981,1.0382,1.4577,-7.6671,0.052455,0.50547,0.84956,0.37311,0.53036,0.77403,0.2627,0.63968,1.1372,7.0878,1.2514,0.14866,0.11828,12.928,2.1819,0.49123,0.36295,-0.33197,-1.7976,0.42483,-8.9146,-2.744,-1.6667,0.44852,-7.4952,0.68497,1.4432,-0.46769,0.12497,0.021537,4.1542,0.46279,11.487,0.72065,1.1495,-0.80145,0.10984,0.16611,0.17163,0.41606,0.052412,-1.2938,0.064245,-0.070145,0.53345,-0.087628,0.024589,0.4842,0.25147,-0.13385,-3.3222,0.26605,0.74876,-0.13936,-0.63224,-2.7275,-0.29176,-0.22137,0.66987,-0.080107,-0.11287,0.57141,1.3238,0.23057
71254,71262,71258,19,47,38,0.034566,0.12546,0.63659,-0.55356,0.90585,-0.6606,-1.0138,-0.81162,-0.51146,-1.4067,-0.69004,0.4358,0.1701,0.35046,0.44247,0.2159,1.3935,0.29878,1.53,1.6988,-0.47456,-2.8942,-0.17916,0.98628,-0.096177,0.53169,-0.37932,2.4907,-0.0047045,-4.5125,-6.9627,-8.1585,-9999,48.931,-4.4166,-4.6631,-4.5522,-3.6835,-5.4333,-2.2232,-7.1784,-2.5741,-0.46426,1.3859,-1.1016,-3.9706,-1.3037,-0.99549,-1.9402,-0.8106,-0.25193,-3.985,-0.78283,-0.31997,-0.60714,-0.067452,-0.46485,0.91551,2.6747,-0.23466,-2.4913,0.22422,-2.5733,-2.6871,1.0154,-1.1108,0.05914,-1.1263,0.066356,-1.3503,-0.38759,-0.32789,0.086416,-3.879,1.2036,-0.56036,0.38372,0.27538,-1.91,0.78025,2.2037,1.7315,1.1123,0.53294,1.2541,0.49787,0.71748,0.30092,0.83924,1.7005,2.2372,0.73072,0.89605,0.45564,1.0079,0.90481,1.2474,1.2802,1.4628,1.3313,0.35892,0.84216,0.74932,2.3506,0.3089,0.2833,1.1259,0.71822,1.0763,1.2662,-0.9479,-2.3175,0.80072,0.56273,0.80479,0.41216,0.18579,0.84785,1.314,1.446,0.59953,0.16808,0.42705,0.30935,0.42704,2.2048,-9.715,0.29158,-0.73757,0.34576,0.18801,0.879,-0.18676,4.2817,0.6303,-0.39294,-0.34729,19.384,1.8021,-0.53481,0.082748,0.14946,0.56475,-0.19338,-0.68459,0.73148,-0.15024,-0.47627,0.74786,1.0097,-0.11529,0.10232,0.51278,-0.077916,0.41475,-0.085432,-0.11802,0.66528,0.75789,-0.17892,0.0078976,-0.42537,1.7649,0.20896,-1.915,2.0274,10.081,-0.46921,-0.026402,0.022605,0.52512,0.12638,0.028679,0.408
71292,71300,71296,19,48,16,0.35623,-0.23648,0.66074,0.065622,-0.52799,0.32041,0.39146,0.19418,0.29756,-2.8696,-1.3373,0.44162,-0.8996,-1.4246,-1.1814,1.0528,1.4905,1.8656,1.2073,0.091063,-0.11537,0.72758,1.2796,-0.010656,2.2538,2.9387,2.0996,5.9605,3.46,4.3194,5.9977,8.4466,35.79,-9999,-9999,-8.9826,-9999,-1.3901,-3.7064,-1.3791,-3.4512,-0.89301,-1.3902,-0.33457,-1.1022,1.1979,1.3904,0.45302,0.4878,-0.90031,-1.5641,-4.8218,-9999,0.62949,9.9376,0.33364,-2.1728,-1.5999,-1.5062,2.5963,-0.39292,-0.2361,0.085304,424.27,0.75329,-0.17241,0.72644,1.4611,0.24607,0.22097,1.9687,1.1081,0.31915,0.68587,1.2727,0.91568,2.2224,-1.0728,14.213,0.82227,0.98448,0.49098,1.0236,0.59593,10.545,0.4654,1.4675,0.99715,1.25,1.5831,1.8095,4.7273,0.74705,-3.6475,0.73712,-0.80027,0.82073,0.96362,0.76857,0.57924,1.9477,0.11988,-0.19098,0.95209,0.32769,0.77013,0.95573,1.3084,0.47558,0.98305,0.62614,2.7831,0.57921,0.63047,2.9921,2.262,1.0282,-0.75428,0.19458,0.24326,1.2039,0.46818,1.3515,0.22677,0.56312,0.79374,0.48925,0.50845,0.0072844,0.16947,0.13765,-0.84776,0.0019468,9.6248,9.971,0.20941,0.1,0.68734,2.4812,25.731,0.53645,-0.13756,0.79967,-0.40983,-0.11408,0.33612,0.36153,-2.4579,-0.067343,-1.4128,1.2165,0.42927,-0.40975,0.34348,-5.0533,-0.23981,0.12053,-0.24786,0.30251,0.59462,0.48389,-0.16015,2.8431,1.4423,1.6435,1.107,0.90133,0.27664,-0.1768,0.75844,0.35479,0.69231,0.032487,0.1843
