t01/p12.ict
218, 1001
Martins, J. Vanderlei 
University of Maryland, Baltimore County
PI-Neph, Polarized Imaging Nephelometer, aerosol -P12/P11 measurements. The linear scattering coefficient measurements and P11 are in other files.
DEVOTE
1,1
2011,09,19,2012,05,05
0
Start_UTC, seconds after midnight, time of acquisition
179
1,1,1,1,1,1,1,1,1,1,1,1,1,1,1,1,1,1,1,1,1,1,1,1,1,1,1,1,1,1,1,1,1,1,1,1,1,1,1,1,1,1,1,1,1,1,1,1,1,1,1,1,1,1,1,1,1,1,1,1,1,1,1,1,1,1,1,1,1,1,1,1,1,1,1,1,1,1,1,1,1,1,1,1,1,1,1,1,1,1,1,1,1,1,1,1,1,1,1,1,1,1,1,1,1,1,1,1,1,1,1,1,1,1,1,1,1,1,1,1,1,1,1,1,1,1,1,1,1,1,1,1,1,1,1,1,1,1,1,1,1,1,1,1,1,1,1,1,1,1,1,1,1,1,1,1,1,1,1,1,1,1,1,1,1,1,1,1,1,1,1,1,1,1,1,1,1,1,1
-9999,-9999,-9999,-9999,-9999,-9999,-9999,-9999,-9999,-9999,-9999,-9999,-9999,-9999,-9999,-9999,-9999,-9999,-9999,-9999,-9999,-9999,-9999,-9999,-9999,-9999,-9999,-9999,-9999,-9999,-9999,-9999,-9999,-9999,-9999,-9999,-9999,-9999,-9999,-9999,-9999,-9999,-9999,-9999,-9999,-9999,-9999,-9999,-9999,-9999,-9999,-9999,-9999,-9999,-9999,-9999,-9999,-9999,-9999,-9999,-9999,-9999,-9999,-9999,-9999,-9999,-9999,-9999,-9999,-9999,-9999,-9999,-9999,-9999,-9999,-9999,-9999,-9999,-9999,-9999,-9999,-9999,-9999,-9999,-9999,-9999,-9999,-9999,-9999,-9999,-9999,-9999,-9999,-9999,-9999,-9999,-9999,-9999,-9999,-9999,-9999,-9999,-9999,-9999,-9999,-9999,-9999,-9999,-9999,-9999,-9999,-9999,-9999,-9999,-9999,-9999,-9999,-9999,-9999,-9999,-9999,-9999,-9999,-9999,-9999,-9999,-9999,-9999,-9999,-9999,-9999,-9999,-9999,-9999,-9999,-9999,-9999,-9999,-9999,-9999,-9999,-9999,-9999,-9999,-9999,-9999,-9999,-9999,-9999,-9999,-9999,-9999,-9999,-9999,-9999,-9999,-9999,-9999,-9999,-9999,-9999,-9999,-9999,-9999,-9999,-9999,-9999,-9999,-9999,-9999,-9999,-9999,-9999,-9999,-9999,-9999,-9999,-9999,-9999
End_UTC, Seconds after midnight, ending time of acquisition
Mid_UTC, Seconds after midnight, middle time of acquisition
HH_UTC, Hours after midnight, the middle time of acquisition (Mid_UTC) formatted in the HH:MM:SS way
MM_UTC, Minutes after HH_UTC, the middle time of acquisition (Mid_UTC) formatted in the HH:MM:SS way
SS_UTC, Seconds after MM_UTC, the middle time of acquisition (Mid_UTC) formatted in the HH:MM:SS way
3 degrees,none,-P12/P11
4 degrees,none,-P12/P11
5 degrees,none,-P12/P11
6 degrees,none,-P12/P11
7 degrees,none,-P12/P11
8 degrees,none,-P12/P11
9 degrees,none,-P12/P11
10 degrees,none,-P12/P11
11 degrees,none,-P12/P11
12 degrees,none,-P12/P11
13 degrees,none,-P12/P11
14 degrees,none,-P12/P11
15 degrees,none,-P12/P11
16 degrees,none,-P12/P11
17 degrees,none,-P12/P11
18 degrees,none,-P12/P11
19 degrees,none,-P12/P11
20 degrees,none,-P12/P11
21 degrees,none,-P12/P11
22 degrees,none,-P12/P11
23 degrees,none,-P12/P11
24 degrees,none,-P12/P11
25 degrees,none,-P12/P11
26 degrees,none,-P12/P11
27 degrees,none,-P12/P11
28 degrees,none,-P12/P11
29 degrees,none,-P12/P11
30 degrees,none,-P12/P11
31 degrees,none,-P12/P11
32 degrees,none,-P12/P11
33 degrees,none,-P12/P11
34 degrees,none,-P12/P11
35 degrees,none,-P12/P11
36 degrees,none,-P12/P11
37 degrees,none,-P12/P11
38 degrees,none,-P12/P11
39 degrees,none,-P12/P11
40 degrees,none,-P12/P11
41 degrees,none,-P12/P11
42 degrees,none,-P12/P11
43 degrees,none,-P12/P11
44 degrees,none,-P12/P11
45 degrees,none,-P12/P11
46 degrees,none,-P12/P11
47 degrees,none,-P12/P11
48 degrees,none,-P12/P11
[...]
[from data line 57]
68811,68819,68815,19,6,55,0.0044417,-0.85295,0.57796,0.26401,0.04372,-0.22655,-0.013126,0.14983,-0.70178,-0.69474,0.34822,-0.22813,0.12278,-0.48517,-0.74277,1.3888,0.69676,1.7654,0.35876,0.1549,1.4487,2.3838,1.7734,4.667,0.90557,3.9907,-2.2599,4.0351,3.3254,13.475,7.0634,-0.50927,-9999,-9999,11.251,-0.02922,-2.2868,-2.7619,1.3747,-8.4771,2.5725,0.41504,-3.5718,1.8075,1.5717,0.41044,0.048201,-0.78998,-0.64963,0.39651,1.1596,-3.2221,-0.057072,0.66069,-0.49853,0.69674,0.29062,-0.57621,0.16219,1.4296,0.24156,-9999,0.50528,0.070208,0.19754,0.48914,-0.29238,0.40932,1.0177,-1.9867,-0.063341,0.65007,72.702,0.66483,0.25061,1.8675,1.1872,0.9523,-0.13142,-0.11387,0.55566,0.52227,1.6183,0.99263,0.60084,0.78713,-0.99742,0.76243,0.34554,-0.59768,0.82361,0.59608,1.3549,0.1699,0.14614,1.1501,0.91012,0.82058,0.60291,-1.75,-0.979,1.7127,0.2579,1.3733,0.1706,3.3992,0.48881,-4.2482,0.34781,0.15277,0.53644,0.89681,-0.85553,-0.27791,0.35353,-1.6363,-0.54701,-0.28028,0.56809,-0.101,0.4602,0.045675,0.29741,0.85632,0.46867,0.11786,-1.3237,0.24342,0.41387,0.21271,-0.016143,0.65625,0.49641,-0.94898,1.456,0.69479,0.46989,0.13511,-0.64714,-0.27125,0.047735,0.72275,0.43732,-0.62506,1.2201,1.0369,0.026529,-0.34183,0.19212,-0.66015,-0.31174,0.080255,0.24496,3.1308,-0.56103,0.45027,-4.6704,-0.40919,-0.27031,0.20577,0.25665,-9999,0.2604,1.7102,-0.0058768,0.11111,-0.17418,-1.8344,-0.1899,2.3877,69.465,0.90901,-2.0488,0.16469
68849,68857,68853,19,7,33,1.0555,0.14557,0.45368,-0.30812,-0.34466,0.15014,-0.56973,0.21894,0.36892,1.0814,0.86027,-0.22892,-1.4014,-0.45952,-0.81517,-1.1585,1.8728,-1.1351,1.4249,-0.83279,-0.60414,-1.4533,-1.9013,-1.204,-0.73135,-1.0602,1.4961,2.7744,0.74111,5.2198,5.12,-1.5296,24.406,-9999,-9999,3.5646,0.088271,-0.014663,-0.098333,-1.1912,4.3278,-7.7803,23.967,0.76731,0.72757,-0.99532,-1.7288,3.6774,0.2564,-1.212,-9999,-0.31898,-0.23975,1.0829,-2.1197,-0.15447,0.38252,0.081968,2.0436,0.444,1.2069,-2.2712,0.11346,0.50877,0.6445,1.1947,0.26282,0.41288,26.509,-0.15103,0.79391,0.087094,0.22505,0.35782,0.99375,0.0068136,1.6171,2.1841,1.3393,-3.5248,0.82064,1,0.96529,0.32592,-0.228,-4.4622,-0.2901,0.90914,0.6961,0.47477,1.821,0.50915,1.3396,0.15281,0.97502,0.47085,0.018696,0.54247,0.46073,2.1502,0.40143,1.2144,1.4565,-1.2631,0.55576,-2.0345,45.125,-9999,0.2364,0.66163,-3.6318,0.88151,0.65054,0.66674,0.709,0.089006,1.0291,0.78536,9.2679,0.30239,-2.6536,0.11915,1.8108,-0.15734,0.51467,-4.0348,0.43483,0.23262,0.65036,-0.072393,0.075763,-1.2739,-0.23048,-0.1318,0.55069,0.23124,1.6415,-1.2446,0.84095,-0.10531,-5.2885,0.066719,-0.015797,-0.63675,-0.030856,0.10522,-0.44269,-0.42402,1.1478,0.5916,-1.0369,-1.3983,2.7014,0.076387,18.295,1.0484,-1.3478,5.1936,0.49462,-0.17986,-2.1246,0.18084,0.71541,-1.5752,3.6544,-1.5608,-0.48376,1.4734,-0.099279,0.048544,-8.3603,0.025811,3.7843,0.44066
68886,68894,68890,19,8,10,-0.28908,-0.2482,0.054687,-0.39785,0.0028224,0.67508,-0.31694,-0.32799,-0.47547,-0.22741,0.59965,0.39372,-0.28951,-0.40743,-0.26783,-0.82654,-1.4755,0.081184,-0.36422,-0.18702,-0.21856,0.79872,0.56334,1.3349,1.4462,1.3677,-2.0769,-2.959,2.0876,5.0669,7.9556,15.417,-9999,-9999,-1.1397,-0.7644,2.7436,2.327,2.5178,1.5048,-0.84258,0.43343,-0.90204,1.416,0.32638,0.33207,-3.361,1.1455,-0.97358,-0.81386,0.4425,-2.057,0.31732,2.4513,0.36817,-4.1008,0.25509,0.6217,0.50599,0.69547,-5.5701,0.14197,-1.7086,1.13,1.6836,1.7523,1.7152,-0.57531,0.30731,0.4239,1.4853,-0.051463,1.0502,0.62282,-0.2992,0.78534,-9999,-3.5995,0.73077,-0.09543,0.26169,0.81673,-1.1442,0.37369,0.52557,-0.11126,1.2421,0.31494,0.93112,0.48188,1.7518,0.45194,0.61539,1.2952,0.060716,0.74072,-0.53788,0.44765,-1.301,3.1316,0.79756,1.0187,-0.82436,0.54559,0.89103,0.85789,0.50749,1.0789,0.33993,0.8173,-0.35703,0.3463,0.44048,0.52121,0.4054,0.52154,-0.080651,0.37311,0.24308,0.77171,0.47836,0.22369,0.087892,0.13659,6.9578,0.96145,-7.16,0.45053,2.1415,-1.2204,0.152,-0.13111,0.63943,1.1065,-0.38327,0.17417,0.74672,-1.6427,1.4656,-0.38272,-0.9434,1.243,-1.4781,0.53394,0.48729,0.37015,-2.234,-0.80681,-5.0125,-0.27515,1.059,1.3236,0.17794,0.10277,-0.91879,0.067719,-0.91829,2.1473,0.011142,-0.64627,-0.029593,-1.717,-0.71468,-0.5507,0.26033,-0.82802,0.64075,5.2185,0.033079,0.14096,0.51138,-0.33985,-0.32732,-0.10101
68924,68932,68928,19,8,48,0.73878,0.92596,0.14612,-0.048959,0.4243,1.1637,0.40129,0.32707,0.2263,0.018967,1.5438,-0.46508,-0.94395,-0.35416,-0.62541,-0.44902,-0.86021,-0.20589,0.065299,0.091819,1.6249,2.9097,0.45549,-1.5976,-2.3686,-1.9941,0.3586,1.3879,4.4539,4.9539,35.751,-1.0631,12.444,370.32,15.023,6.9965,-5.4885,2.4118,-9999,-0.31779,-0.25897,-0.30694,-9999,-1.1625,-9999,3.7952,-0.049589,-0.0022451,2.1428,0.76521,0.62857,-2.1321,0.92798,14.251,-0.11618,-0.32842,-2.2765,-0.66681,0.75672,-0.893,-0.72987,-5.3072,-1.9822,1.016,-0.67529,-1.0764,0.29323,0.24231,0.1184,1.5771,1.249,2.4631,0.2217,0.64717,-0.92669,3.0819,-0.47312,55.924,13.923,1.2153,0.58227,4.4958,1.1792,1.1933,-0.86754,1.0842,0.64019,1.0553,1.5363,3.3289,0.056864,0.29421,0.71076,0.43461,1.5173,0.2727,0.52859,-1.0626,0.20252,0.97061,0.79227,-2.9719,0.018061,0.50582,0.71602,0.43105,1.0871,0.65885,0.46243,0.14019,1.1324,0.29446,0.53165,2.7913,0.033336,0.86203,-0.72842,-1.4288,-4.9124,-2.5119,0.22588,-0.34566,0.40696,-1.2125,-0.37808,0.59738,0.15738,-0.51822,-1.2609,-0.035639,0.086968,0.36243,-0.30647,0.43925,0.69255,0.84916,2.0489,-0.035541,-6.446,-0.21615,-0.21911,-7.7943,0.50536,0.75774,0.42858,-0.58051,0.22457,-0.11948,-0.6942,-2.3416,-0.2721,-0.10198,6.63,0.05583,2.0587,1.4025,0.039254,-3.6584,-1.2579,-0.051006,1.9246,0.35745,0.60769,-9999,-3.1371,0.36262,0.49944,-9999,-0.060784,1.5348,0.2789,1.1011,0.14536,0.18594
68961,68969,68965,19,9,25,-0.11495,-0.22352,0.23415,-0.63281,-0.26118,-0.46637,-0.28212,0.17445,0.18279,1.4958,-0.27177,-0.034144,-0.16142,-0.38328,-0.10603,-0.44925,-1.0783,-1.0291,-1.3719,-0.95538,0.16636,0.81039,-0.11446,0.81207,0.069516,-1.2665,-1.0643,-0.15639,-0.55575,-2.2669,-3.6568,-2.8243,-1.6132,-9999,1.166,7.0594,5.0029,5.5513,3.9921,4.0287,2.1415,1.9761,1.5756,1.7625,1.7444,0.70838,0.45109,0.6808,1.302,1.7009,0.30691,0.14988,-0.080754,0.44948,0.69938,0.86923,1.0423,0.41626,1.4179,0.62908,0.79708,0.99577,0.51332,0.62916,0.94847,0.79868,0.21934,-0.082824,0.85835,0.84538,0.53808,0.41098,0.79062,0.70036,0.23608,0.73025,0.47726,0.41824,0.5932,0.82811,1.3858,1.1345,0.81517,1.7679,0.98481,-7.1406,0.55041,0.71766,0.8566,0.32566,0.71824,0.75217,0.68892,0.95783,1.22,11.38,1.3625,0.57238,0.31316,0.84043,0.24203,0.65041,0.8721,0.50553,0.36465,0.15569,0.52036,-0.17207,0.35641,1.4853,-0.71455,0.507,0.83856,-0.017631,0.99778,-0.43155,1.2624,1.9911,1.0959,1.6644,0.78193,-0.37369,0.35564,-0.63487,0.29183,-0.17469,-0.66347,3.3031,-0.22906,-0.13512,1.0258,-6.8975,0.10472,0.18719,20.881,0.16799,3.5633,-3.6828,0.94309,0.15771,-2.4916,-0.42391,1.1784,1.5063,0.36268,0.099838,0.014929,0.18551,-0.4262,1.4843,-3.0664,-1.6651,0.57344,-0.19945,-1.3351,-0.2993,0.62039,-0.38821,1.3957,0.21293,-0.47004,-0.10732,0.57337,-0.28431,-0.097004,1.5222,-2.6914,-2.4392,-0.49216,-0.32342,0.35372,-0.59706,0.34494,-0.021882
68999,69007,69003,19,10,3,0.014028,-0.096127,-0.26604,0.46833,0.51211,0.002192,0.8754,0.46153,1.0695,0.31396,0.3041,0.37929,-0.071754,0.46855,-0.050247,-0.10899,0.20877,0.13602,0.31925,0.50621,0.1675,0.32648,0.37986,0.98408,2.0863,2.725,2.9371,3.2913,2.0302,2.3735,2.9417,4.4213,10.198,3.455,-6.1126,-2.9619,-2.7137,-2.8494,-5.9678,-3.5472,-3.2009,-1.619,-1.4296,-0.53515,-0.54232,-0.24017,-0.65272,-0.43546,-0.16575,0.16325,0.38052,0.2348,0.18724,0.19987,0.71669,0.14614,-0.55249,0.21871,-0.50434,-0.29058,-0.29087,-0.14602,-0.072315,0.25756,0.83227,-0.2693,-0.057488,0.13754,0.071945,0.66538,0.84097,0.22563,0.39589,-0.53033,0.95099,0.67326,0.97771,1.2036,0.78316,0.83659,0.85322,0.2816,0.82622,0.7966,13.139,1.3602,0.66946,0.85558,1.0815,1.0711,4.4511,-2.0897,2.4751,0.5024,1.3142,0.74752,0.7927,1.7004,-0.83766,0.64689,1.4711,0.65984,1.2893,1.1784,1.1474,1.1029,0.53365,0.91486,0.22219,0.2442,1.5281,0.4163,0.99535,0.36433,0.33547,0.48138,0.64181,0.039953,0.69326,-0.19564,5.5249,0.87634,-0.56247,1.2922,0.48017,1.0925,0.6209,-0.07171,0.46593,1.3752,0.41587,-9999,-1.4057,0.39041,0.10764,7.6097,-0.097352,1.2007,-0.18973,0.42062,0.14629,-1.09,0.12844,-2.9008,0.45524,6.2953,0.26648,-0.38528,0.39314,0.90134,0.46631,0.82363,1.1483,-0.033627,-0.25945,1.9878,-0.031709,0.01405,-0.78704,-5.7252,0.20494,-2.2571,-0.39095,0.54499,-0.484,-5.2222,2.8459,-0.42672,0.39382,1.7759,0.96195,0.17111,-2.3719,0.086243
69036,69044,69040,19,10,40,-0.1724,-0.049359,0.45532,-0.1203,-0.82882,0.11645,-0.32037,-0.11004,-0.17696,-0.47662,-0.037523,0.3525,0.85408,0.63007,0.60571,-0.29346,-1.4402,-2.0055,-1.686,-1.3707,-0.4863,0.33949,1.8555,1.5323,0.83311,0.75189,-0.12462,-0.29974,-0.94763,-1.1907,-1.4054,1.3169,9.4163,6.9276,-9999,-4.0403,-1.8089,-0.30145,-1.5079,-2.2464,-1.5492,-1.8522,-1.6593,-2.0668,-1.0385,-0.48526,-0.84573,-0.45584,0.48927,0.034596,0.023246,0.43208,-0.1506,0.12058,0.091075,-0.91962,-0.26681,0.59843,-0.27362,0.13236,0.35511,0.32048,-0.069216,0.44497,1.7207,0.37153,0.036344,0.095139,-1.0081,0.37442,0.23786,-1.3632,0.71,1.6745,1.4245,2.1684,0.95495,0.82086,1.9781,2.5801,1.4324,1.1932,1.0236,0.35391,0.65578,1.3382,3.027,0.6913,1.0583,0.90162,0.57936,1.9268,0.82897,1.2143,0.93506,5.1332,0.78447,0.57317,1.0138,-6.9523,0.39661,0.79149,1.329,0.65215,0.73491,-2.6729,0.91662,-0.30168,-0.14616,0.18663,-0.41811,-0.77635,0.84572,0.55793,0.72974,0.44433,0.73979,0.27537,0.34026,0.1805,5.8001,0.42264,0.33753,0.53561,0.91889,0.39327,0.16947,0.72977,0.21914,0.74137,0.23591,0.12022,0.14244,-1.3242,-0.04626,0.62873,0.22204,-0.45789,0.001255,0.34788,0.17756,1.0942,0.37148,-0.30905,0.7374,0.57449,-0.75618,2.5429,-0.38416,0.40204,-0.56272,2.4447,1.2573,-0.0064197,-0.47115,9.8242,-9999,-0.013421,-0.60863,-0.15681,-0.097181,1.2145,-1.1857,-0.27204,-1.1985,-0.0041276,-0.12897,1.4735,-0.13927,0.099224,-8.8513,1.0519,-0.087752,0.22537
69074,69082,69078,19,11,18,0.40637,0.093221,0.20699,0.10421,0.22517,0.062546,-0.10143,0.17262,0.70838,0.096282,0.56199,0.1734,-0.51879,0.48189,0.88799,0.59436,0.087115,1.62,1.6227,0.44893,0.26351,0.025059,-0.063268,0.34691,0.090757,0.18115,1.3294,1.8195,0.96708,-2.3324,-3.4043,-4.4455,6.1761,-9999,-9999,-8.4482,-0.9988,-1.8452,-2.6032,-2.3212,-2.2254,-2.2463,-1.9429,-1.8549,-2.7809,-2.8505,-1.6194,-0.67828,-0.55121,-1.7592,-0.65993,-0.63103,-0.61258,0.048035,0.6911,0.5306,1.3216,-0.071696,0.21379,-0.099178,0.70593,-0.68935,-0.13981,-1.236,0.26066,0.42207,0.74005,-0.052899,0.42715,0.68951,0.89876,1.2035,1.2432,0.57866,0.3666,1.1412,0.33094,0.83653,1.1126,-1.6563,0.86219,0.46168,2.2581,0.27727,0.19015,0.86202,0.80171,1.3385,0.69146,2.0181,0.69976,0.64162,0.34766,-0.008235,0.61235,0.14365,1.2979,0.80346,2.5683,1.4305,-1.1445,1.2041,0.25818,0.58634,-9.8574,0.14371,1.1712,1.0274,0.56483,0.50146,-0.49245,0.31458,0.60272,0.74727,0.27703,1.0424,0.39093,0.73646,0.77246,0.56731,0.41894,4.8206,0.30639,0.32264,-9999,0.12994,0.32281,0.66719,-0.68546,-0.11306,1.624,1.6768,7.2352,0.20093,1.3897,-0.12454,0.044216,0.90022,0.51815,0.16192,0.020667,0.43485,-9999,-0.041873,0.43507,0.29354,2.6884,0.28251,0.34327,-1.29,0.68474,0.40226,0.066128,0.23292,-0.06636,0.19516,-3.5641,-0.85799,1.4358,0.2772,0.12116,0.50509,-0.51636,8.8832,0.87496,-0.49071,-6.1099,-0.24798,-0.10802,-0.014753,4.6685,-0.01852,-0.93776,0.46041
69111,69119,69115,19,11,55,-0.48834,-0.38445,0.43396,-0.16409,-0.3153,0.056796,-0.18223,-0.46663,0.28661,0.18615,0.24845,0.25958,0.28144,-0.58901,0.74418,0.28226,0.3844,1.238,1.6638,-1.2682,-0.42909,-0.40918,0.37138,-0.31454,-1.1037,0.092893,0.023938,-0.89084,-0.6884,-0.12897,-1.8903,-0.20166,8.2491,-9999,6.392,1.243,-1.1523,-0.54667,-1.8827,-1.1782,-1.4193,-2.7804,1.2234,0.44906,-0.23943,1.4362,0.40117,0.24095,0.28451,-0.0056544,0.3238,0.67643,-0.60647,0.048203,0.48383,0.12412,0.15344,1.146,-0.17668,0.12971,-0.67032,0.72127,0.79518,0.68975,1.2746,0.61935,1.0723,2.088,0.83203,0.28337,0.47647,0.87076,0.74675,25.351,4.0148,0.40115,0.5475,1.2233,1.4236,-1.6454,-9999,0.90263,0.87446,0.96812,1.0001,0.45771,-0.68441,0.79163,1.1687,1.9158,0.96765,-0.27444,1.2123,-0.33348,2.0566,1.6758,0.87904,2.1345,1.5924,2.1058,0.70658,1.6471,0.28581,1.8826,0.9895,0.3205,0.57146,-0.053253,0.62938,12.972,0.3132,-1.954,-0.60711,-0.53544,8.5077,0.56983,-0.19794,0.83568,0.19749,0.499,0.18018,2.4646,0.27358,1.0637,1.2498,0.28712,0.18489,3.6333,0.18869,0.21381,0.4219,0.30499,0.29732,-0.45503,0.12103,1.8778,-0.0035013,-9999,1.2102,0.26935,-2.0145,0.35839,-6.6401,0.20533,-0.11959,1.6134,-1.2616,0.12462,-0.61123,-0.65763,1.5636,0.59962,0.5716,3.6812,0.39037,-0.67332,3.4142,-0.098487,-1.4583,0.31187,-0.83325,0.17483,0.53387,-1.7102,-0.11946,-0.106,-1.5834,0.72069,-1.4299,-0.15078,5.0779,-1.4134,-1.5209,0.13336
69148,69156,69152,19,12,32,0.064615,0.094031,-0.56986,-0.23278,-0.60393,-0.57381,-0.66981,0.3996,0.60846,0.21891,0.21976,0.21438,-1.4944,-1.1797,-0.56472,-0.13995,0.55849,0.63155,-0.50033,-0.33729,1.3031,1.9353,2.2052,3.1578,2.4111,3.0584,2.6323,3.4802,2.0947,2.0367,2.9228,-1.2944,-9999,37.106,10.588,-3.1436,2.7681,1.0649,2.2108,0.34828,0.463,-0.86496,0.76233,0.71325,1.3026,1.7192,0.018096,0.15812,2.1376,0.13676,1.0803,0.80402,0.19025,0.6583,1.1753,0.6407,1.0016,0.38509,0.68342,0.19159,1.5566,-0.19157,0.46045,1.2246,0.03733,0.90362,0.030709,2.1762,-0.26319,0.16343,0.64958,0.52088,0.22046,0.67863,0.29192,1.0697,0.17914,0.94202,0.69803,1.2089,0.93057,0.742,17.206,1.6268,7.2583,0.52996,1.1449,0.17804,0.26371,1.9821,1.1937,1.1521,0.57393,-0.32846,0.9186,1.4729,0.86575,-0.35122,0.91399,0.95623,2.8449,0.60594,-0.4986,0.52086,4.4943,-0.5306,1.4133,0.48723,0.30075,1.0703,0.23268,-0.71704,2.228,0.30012,0.48007,0.7187,-0.43824,0.31532,0.35259,0.96938,12.662,0.3011,1.3877,-0.12064,0.34846,1.5706,0.084809,-0.25919,2.188,1.0972,0.84513,0.34029,0.79868,-0.48367,0.024373,-2.1678,0.085004,0.045015,-1.3444,-0.30725,0.16645,0.37761,-0.3303,2.663,0.085678,0.60055,-0.012189,-0.88173,1.4326,1.1726,0.13757,-0.60613,-0.89294,-0.67498,0.38491,1.0246,0.41192,0.0249,0.13281,0.27324,0.55054,-4.6962,-0.068824,-0.44014,-0.29348,0.38787,-9999,0.64325,-0.1631,-0.38018,0.21833,1.2954,0.78334,0.21545
